{
  "meta": {
    "runType": "initial",
    "numPoses": 23,
    "imageDir": "imageset2",
    "cameraIds": [
      "Center",
      "Up1",
      "Up2",
      "Up3",
      "Down1",
      "Down2",
      "Down3",
      "Left1",
      "Left2",
      "Left3",
      "Right1",
      "Right2",
      "Right3"
    ]
  },
  "state": {
    "intrinsics": {
      "Center": {
        "cameraMatrix": [
          [
            1778.9278118896395,
            0.0,
            638.7928013537645
          ],
          [
            0.0,
            1778.8603430031826,
            358.84277820708337
          ],
          [
            0.0,
            0.0,
            1.0
          ]
        ],
        "distortionCoeffs": [
          [
            -0.0031968701268798114,
            0.15235313690961722,
            -9.335720139547936e-05,
            0.00011270892764269824,
            -1.2692705894511223
          ]
        ],
        "reprojectionError": 0.03283395906733699
      },
      "Up1": {
        "cameraMatrix": [
          [
            1778.0006443088453,
            0.0,
            640.619554357839
          ],
          [
            0.0,
            1778.0859939076006,
            355.6818062107368
          ],
          [
            0.0,
            0.0,
            1.0
          ]
        ],
        "distortionCoeffs": [
          [
            0.004418143005843779,
            -0.08357783259763367,
            -0.001033517701999065,
            0.0002281975037546457,
            0.6481537524349815
          ]
        ],
        "reprojectionError": 0.03318323980511383
      },
      "Up2": {
        "cameraMatrix": [
          [
            1777.474420554938,
            0.0,
            639.3575072744787
          ],
          [
            0.0,
            1777.4950131225692,
            359.7644533978663
          ],
          [
            0.0,
            0.0,
            1.0
          ]
        ],
        "distortionCoeffs": [
          [
            -0.003982292376030234,
            0.12906530812004266,
            1.340090610349864e-05,
            -0.0001614719467158378,
            -0.9232344962066452
          ]
        ],
        "reprojectionError": 0.03334168194064857
      },
      "Up3": {
        "cameraMatrix": [
          [
            1779.3110887328335,
            0.0,
            640.3636113182752
          ],
          [
            0.0,
            1779.6551236010346,
            359.5756691972266
          ],
          [
            0.0,
            0.0,
            1.0
          ]
        ],
        "distortionCoeffs": [
          [
            0.00868864219347332,
            -0.12993347617183704,
            -0.0002115275329608665,
            0.00011802636877135582,
            0.7635009913253306
          ]
        ],
        "reprojectionError": 0.033328335666472364
      },
      "Down1": {
        "cameraMatrix": [
          [
            1778.4760023812796,
            0.0,
            640.3122837464987
          ],
          [
            0.0,
            1778.659155423016,
            359.523440240654
          ],
          [
            0.0,
            0.0,
            1.0
          ]
        ],
        "distortionCoeffs": [
          [
            0.003620107825729483,
            0.007251356969882909,
            0.00019366418676293852,
            0.00011238028033695209,
            -0.5224617872885516
          ]
        ],
        "reprojectionError": 0.03189298011187608
      },
      "Down2": {
        "cameraMatrix": [
          [
            1778.055484143599,
            0.0,
            639.3071401767421
          ],
          [
            0.0,
            1778.1419032001263,
            361.7154146855157
          ],
          [
            0.0,
            0.0,
            1.0
          ]
        ],
        "distortionCoeffs": [
          [
            -0.0021608390076255906,
            0.04159199928887997,
            0.0004936225070464253,
            5.6025201432916584e-05,
            -0.28606205594941864
          ]
        ],
        "reprojectionError": 0.032838120714580546
      },
      "Down3": {
        "cameraMatrix": [
          [
            1779.1909589811683,
            0.0,
            639.0034094398432
          ],
          [
            0.0,
            1779.1809732996746,
            360.44961327307453
          ],
          [
            0.0,
            0.0,
            1.0
          ]
        ],
        "distortionCoeffs": [
          [
            0.004362970343936733,
            -0.05724808831294901,
            0.0002843994203307572,
            -0.00013614551559540267,
            0.31124518449443606
          ]
        ],
        "reprojectionError": 0.03253405915745489
      },
      "Left1": {
        "cameraMatrix": [
          [
            1777.260966659024,
            0.0,
            640.5121697487276
          ],
          [
            0.0,
            1777.2695561378966,
            358.4518461464435
          ],
          [
            0.0,
            0.0,
            1.0
          ]
        ],
        "distortionCoeffs": [
          [
            -0.00367947077625854,
            0.041060742689258654,
            -4.176884454274317e-05,
            0.00022046286529984563,
            -0.15258435617859323
          ]
        ],
        "reprojectionError": 0.032721632124598665
      },
      "Left2": {
        "cameraMatrix": [
          [
            1778.1358061076273,
            0.0,
            637.2512050738419
          ],
          [
            0.0,
            1778.0657814954725,
            359.56790262344714
          ],
          [
            0.0,
            0.0,
            1.0
          ]
        ],
        "distortionCoeffs": [
          [
            0.00033649430176026565,
            0.014634588427230002,
            -0.0001411137828938512,
            -0.0001872313718276929,
            -0.21159272790109962
          ]
        ],
        "reprojectionError": 0.03381772427449883
      },
      "Left3": {
        "cameraMatrix": [
          [
            1778.9610332699115,
            0.0,
            638.7620828869825
          ],
          [
            0.0,
            1778.73951700683,
            360.479628017776
          ],
          [
            0.0,
            0.0,
            1.0
          ]
        ],
        "distortionCoeffs": [
          [
            3.792138534686576e-05,
            0.03666506592862171,
            0.00010259379547253326,
            -0.0001194227424546798,
            -0.2951609534727972
          ]
        ],
        "reprojectionError": 0.03268717433457193
      },
      "Right1": {
        "cameraMatrix": [
          [
            1777.255409028539,
            0.0,
            637.3938770367117
          ],
          [
            0.0,
            1777.3022464697733,
            362.06887076485907
          ],
          [
            0.0,
            0.0,
            1.0
          ]
        ],
        "distortionCoeffs": [
          [
            -0.0010034434042484142,
            -0.011942618834419196,
            0.0005408135121110851,
            -0.0004705433666739578,
            0.04797570276421088
          ]
        ],
        "reprojectionError": 0.032337125661926945
      },
      "Right2": {
        "cameraMatrix": [
          [
            1779.432612120276,
            0.0,
            641.6533466645747
          ],
          [
            0.0,
            1779.5426757552993,
            359.3616187232499
          ],
          [
            0.0,
            0.0,
            1.0
          ]
        ],
        "distortionCoeffs": [
          [
            -0.006579541683292964,
            0.12124542835843714,
            -8.747108630623815e-05,
            0.0003888516524722636,
            -0.5935181344007663
          ]
        ],
        "reprojectionError": 0.03298419222261642
      },
      "Right3": {
        "cameraMatrix": [
          [
            1777.757187618394,
            0.0,
            640.9813835604429
          ],
          [
            0.0,
            1777.7653359759813,
            360.82274079996944
          ],
          [
            0.0,
            0.0,
            1.0
          ]
        ],
        "distortionCoeffs": [
          [
            0.0011727258154068574,
            0.015379045786445033,
            0.00018751067113920402,
            0.00037510673198144426,
            -0.13528111627732395
          ]
        ],
        "reprojectionError": 0.03333280721884155
      }
    },
    "extrinsics": {
      "Center": {
        "rotationMatrix": [
          [
            1.0,
            0.0,
            0.0
          ],
          [
            0.0,
            1.0,
            0.0
          ],
          [
            0.0,
            0.0,
            1.0
          ]
        ],
        "translationVector": [
          [
            0.0
          ],
          [
            0.0
          ],
          [
            0.0
          ]
        ],
        "stereoRms": 0.0
      },
      "Up1": {
        "rotationMatrix": [
          [
            0.999900141453244,
            0.012485093668996755,
            0.006620389554929353
          ],
          [
            -0.012440921079993473,
            0.9999003494520743,
            -0.006671929878316781
          ],
          [
            -0.006703029498966459,
            0.006588899885123412,
            0.9999558269212895
          ]
        ],
        "translationVector": [
          [
            -0.011375994412463786
          ],
          [
            0.20229935582832625
          ],
          [
            0.00038063592211116124
          ]
        ],
        "stereoRms": 15.849127265916378
      },
      "Up2": {
        "rotationMatrix": [
          [
            0.9997516741355035,
            0.020921269709566672,
            0.007674017005294219
          ],
          [
            -0.021084075345673695,
            0.9995403070910132,
            0.02178614851737301
          ],
          [
            -0.0072146954250288,
            -0.021942538005951993,
            0.9997332010070394
          ]
        ],
        "translationVector": [
          [
            -0.009968970424258365
          ],
          [
            0.4357178340671946
          ],
          [
            -0.0096291906042015
          ]
        ],
        "stereoRms": 15.971981211403586
      },
      "Up3": {
        "rotationMatrix": [
          [
            0.9997994508058933,
            0.018670425606923412,
            0.007243850902000858
          ],
          [
            -0.01872347553621819,
            0.9997978596105906,
            0.007326075479144194
          ],
          [
            -0.007105605679934605,
            -0.007460236305762544,
            0.9999469262126782
          ]
        ],
        "translationVector": [
          [
            -0.022420361934807457
          ],
          [
            0.6883782045073213
          ],
          [
            0.005706316172244066
          ]
        ],
        "stereoRms": 16.027004666241602
      },
      "Down1": {
        "rotationMatrix": [
          [
            0.999933261863262,
            0.004217653235049422,
            0.010755613450003204
          ],
          [
            -0.004008369313990428,
            0.9998036510355718,
            -0.019405987513739235
          ],
          [
            -0.010835349322457147,
            0.019361579923384876,
            0.9997538319146022
          ]
        ],
        "translationVector": [
          [
            -0.009161486069566628
          ],
          [
            -0.1589026166240476
          ],
          [
            0.004393466369941535
          ]
        ],
        "stereoRms": 15.868344441996278
      },
      "Down2": {
        "rotationMatrix": [
          [
            0.9999983536274649,
            -0.0015757688623424886,
            -0.0008998304574032211
          ],
          [
            0.0015398223504810961,
            0.999251972149844,
            -0.038640976977508575
          ],
          [
            0.0009600466074923149,
            0.03863952778101539,
            0.9992527534129548
          ]
        ],
        "translationVector": [
          [
            -0.0039377214558165416
          ],
          [
            -0.28602842791434935
          ],
          [
            -0.006541874725026029
          ]
        ],
        "stereoRms": 20.933966749281602
      },
      "Down3": {
        "rotationMatrix": [
          [
            0.9999610548170802,
            -0.006768225920420049,
            -0.005663917990448222
          ],
          [
            0.006623154065248192,
            0.9996591867305198,
            -0.02525161807694273
          ],
          [
            0.0058328963080407316,
            0.025213121646594037,
            0.9996650818236544
          ]
        ],
        "translationVector": [
          [
            0.0019154433292644841
          ],
          [
            -0.6801358374544993
          ],
          [
            -0.003920708190424233
          ]
        ],
        "stereoRms": 11.544407685706569
      },
      "Left1": {
        "rotationMatrix": [
          [
            0.9996663537534318,
            -0.0046010371314599155,
            0.025416758853822687
          ],
          [
            0.004305865338365388,
            0.9999227976879558,
            0.011655822046482849
          ],
          [
            -0.025468425491308063,
            -0.011542491984244094,
            0.9996089886459542
          ]
        ],
        "translationVector": [
          [
            0.16968466571517904
          ],
          [
            0.022820601873087123
          ],
          [
            0.0012637862219566113
          ]
        ],
        "stereoRms": 15.833365660385034
      },
      "Left2": {
        "rotationMatrix": [
          [
            0.998834621408448,
            -0.019525641734421013,
            0.0441378340055474
          ],
          [
            0.019887704482020478,
            0.9997719588609015,
            -0.007778784344075222
          ],
          [
            -0.043975883007371694,
            0.008647519314511154,
            0.9989951662162471
          ]
        ],
        "translationVector": [
          [
            0.35731316552692793
          ],
          [
            0.010288652144193455
          ],
          [
            0.033017729262492974
          ]
        ],
        "stereoRms": 19.79051750491519
      },
      "Left3": {
        "rotationMatrix": [
          [
            0.9990260057901956,
            0.005913218969768058,
            0.04372726376419574
          ],
          [
            -0.005086641306193569,
            0.9998067306482784,
            -0.018990193011736593
          ],
          [
            -0.04383110579383202,
            0.01874927176763031,
            0.9988630031055677
          ]
        ],
        "translationVector": [
          [
            0.574957702575624
          ],
          [
            0.05799791994152191
          ],
          [
            0.11975346226550386
          ]
        ],
        "stereoRms": 19.337428885499207
      },
      "Right1": {
        "rotationMatrix": [
          [
            0.9999633877532151,
            0.005319885852106279,
            -0.006702385219729607
          ],
          [
            -0.005359834876764871,
            0.9999678948885541,
            -0.005956623393118716
          ],
          [
            0.0066704814823898085,
            0.0059923289858112485,
            0.9999597975269401
          ]
        ],
        "translationVector": [
          [
            -0.16450706311548494
          ],
          [
            0.01262941401533497
          ],
          [
            -0.008681536011402471
          ]
        ],
        "stereoRms": 18.934137118700814
      },
      "Right2": {
        "rotationMatrix": [
          [
            0.9998397930400049,
            -0.009963307816027826,
            0.014870129491139255
          ],
          [
            0.010048123924379697,
            0.9999336105012964,
            -0.0056400173263862485
          ],
          [
            -0.014812949041986169,
            0.005788530660254598,
            0.9998735267289933
          ]
        ],
        "translationVector": [
          [
            -0.43483312895601195
          ],
          [
            -0.008933933919999528
          ],
          [
            -0.010067515359283883
          ]
        ],
        "stereoRms": 16.253321226815427
      },
      "Right3": {
        "rotationMatrix": [
          [
            0.9999186684252219,
            0.0005449171260662741,
            0.012742040655128696
          ],
          [
            -0.0006638961826553709,
            0.9999562061022611,
            0.00933515502982947
          ],
          [
            -0.012736395745653025,
            -0.009342855179120271,
            0.9998752398577095
          ]
        ],
        "translationVector": [
          [
            -0.7603675134693803
          ],
          [
            0.031066223167276672
          ],
          [
            -0.07431001908366495
          ]
        ],
        "stereoRms": 15.968648568557656
      }
    },
    "timeStamp": null
  }
}