{
  "meta": {
    "runType": "initial",
    "numPoses": 23,
    "imageDir": "imageset2",
    "cameraIds": [
      "Center",
      "Up1",
      "Up2",
      "Up3",
      "Down1",
      "Down2",
      "Down3",
      "Left1",
      "Left2",
      "Left3",
      "Right1",
      "Right2",
      "Right3"
    ]
  },
  "state": {
    "intrinsics": {
      "Center": {
        "cameraMatrix": [
          [
            1778.9278432054411,
            0.0,
            638.7928557604852
          ],
          [
            0.0,
            1778.8603831978742,
            358.84284599872234
          ],
          [
            0.0,
            0.0,
            1.0
          ]
        ],
        "distortionCoeffs": [
          [
            -0.003196595444736189,
            0.15234781280854182,
            -9.330294188309843e-05,
            0.00011275477732922018,
            -1.2692265140589751
          ]
        ],
        "reprojectionError": 0.032834197346791764
      },
      "Up1": {
        "cameraMatrix": [
          [
            1778.0006921773056,
            0.0,
            640.619592065196
          ],
          [
            0.0,
            1778.0860437752578,
            355.68183254779876
          ],
          [
            0.0,
            0.0,
            1.0
          ]
        ],
        "distortionCoeffs": [
          [
            0.004418271647632917,
            -0.0835767794105181,
            -0.001033477537904177,
            0.00022824034009913697,
            0.6481297270574631
          ]
        ],
        "reprojectionError": 0.033183194443933015
      },
      "Up2": {
        "cameraMatrix": [
          [
            1777.4745028793884,
            0.0,
            639.3575196325087
          ],
          [
            0.0,
            1777.4950842946569,
            359.7644455745654
          ],
          [
            0.0,
            0.0,
            1.0
          ]
        ],
        "distortionCoeffs": [
          [
            -0.003982046505021373,
            0.1290635531660515,
            1.3427067489059057e-05,
            -0.0001614410249398137,
            -0.923233237749075
          ]
        ],
        "reprojectionError": 0.03334175660091956
      },
      "Up3": {
        "cameraMatrix": [
          [
            1779.3111853436117,
            0.0,
            640.3635985992644
          ],
          [
            0.0,
            1779.655202577417,
            359.5756655061386
          ],
          [
            0.0,
            0.0,
            1.0
          ]
        ],
        "distortionCoeffs": [
          [
            0.008688874019509555,
            -0.1299353414044001,
            -0.00021150212211269116,
            0.00011804972022465167,
            0.7635063163800697
          ]
        ],
        "reprojectionError": 0.03332835067137188
      },
      "Down1": {
        "cameraMatrix": [
          [
            1778.4759924281825,
            0.0,
            640.3123372003861
          ],
          [
            0.0,
            1778.659168973575,
            359.52352044568374
          ],
          [
            0.0,
            0.0,
            1.0
          ]
        ],
        "distortionCoeffs": [
          [
            0.0036200076821295856,
            0.007254732549060049,
            0.00019372142939089735,
            0.00011243501006216742,
            -0.5224840907805668
          ]
        ],
        "reprojectionError": 0.03189304907718864
      },
      "Down2": {
        "cameraMatrix": [
          [
            1778.0554466843212,
            0.0,
            639.3071187421838
          ],
          [
            0.0,
            1778.141895564609,
            361.7155223809525
          ],
          [
            0.0,
            0.0,
            1.0
          ]
        ],
        "distortionCoeffs": [
          [
            -0.002160812375179163,
            0.04159072846405512,
            0.0004936859180669485,
            5.6060822074409876e-05,
            -0.2860476758531466
          ]
        ],
        "reprojectionError": 0.032838244285854655
      },
      "Down3": {
        "cameraMatrix": [
          [
            1779.1909054101473,
            0.0,
            639.0033227303593
          ],
          [
            0.0,
            1779.1809658600712,
            360.449761022375
          ],
          [
            0.0,
            0.0,
            1.0
          ]
        ],
        "distortionCoeffs": [
          [
            0.004363036695458198,
            -0.057249708989903954,
            0.0002844695036812558,
            -0.00013613045085150634,
            0.3112543923091397
          ]
        ],
        "reprojectionError": 0.03253410569106519
      },
      "Left1": {
        "cameraMatrix": [
          [
            1777.2609731693274,
            0.0,
            640.5122327403103
          ],
          [
            0.0,
            1777.2695773991977,
            358.45184288729496
          ],
          [
            0.0,
            0.0,
            1.0
          ]
        ],
        "distortionCoeffs": [
          [
            -0.003679217880993686,
            0.041052060079806704,
            -4.172939471911993e-05,
            0.0002205109205422618,
            -0.15248776068278697
          ]
        ],
        "reprojectionError": 0.03272159091644898
      },
      "Left2": {
        "cameraMatrix": [
          [
            1778.1357997745527,
            0.0,
            637.2512477944389
          ],
          [
            0.0,
            1778.065795180772,
            359.5678348396715
          ],
          [
            0.0,
            0.0,
            1.0
          ]
        ],
        "distortionCoeffs": [
          [
            0.00033641749725667235,
            0.014634475392476629,
            -0.00014108702284979928,
            -0.00018719621051311694,
            -0.21157372989682452
          ]
        ],
        "reprojectionError": 0.03381778304651446
      },
      "Left3": {
        "cameraMatrix": [
          [
            1778.960984345131,
            0.0,
            638.7621896881493
          ],
          [
            0.0,
            1778.7395105896785,
            360.4795287935429
          ],
          [
            0.0,
            0.0,
            1.0
          ]
        ],
        "distortionCoeffs": [
          [
            3.7823006364789365e-05,
            0.03666450838935795,
            0.00010260779194805057,
            -0.00011936678976492923,
            -0.2951455519208444
          ]
        ],
        "reprojectionError": 0.03268730229371575
      },
      "Right1": {
        "cameraMatrix": [
          [
            1777.2554014638602,
            0.0,
            637.3938987142441
          ],
          [
            0.0,
            1777.3022335263624,
            362.06890986157487
          ],
          [
            0.0,
            0.0,
            1.0
          ]
        ],
        "distortionCoeffs": [
          [
            -0.0010031355978208372,
            -0.01194633241279072,
            0.0005408591412150689,
            -0.0004705019664726537,
            0.047987616296608034
          ]
        ],
        "reprojectionError": 0.03233713036543925
      },
      "Right2": {
        "cameraMatrix": [
          [
            1779.4326036950586,
            0.0,
            641.6533809266167
          ],
          [
            0.0,
            1779.5426681942984,
            359.3617186108529
          ],
          [
            0.0,
            0.0,
            1.0
          ]
        ],
        "distortionCoeffs": [
          [
            -0.0065790533752617605,
            0.12123804326991508,
            -8.740686231741194e-05,
            0.0003889001858503847,
            -0.5934778117905382
          ]
        ],
        "reprojectionError": 0.032984031183754585
      },
      "Right3": {
        "cameraMatrix": [
          [
            1777.7571562421913,
            0.0,
            640.9814257793769
          ],
          [
            0.0,
            1777.7652797476512,
            360.8227169122683
          ],
          [
            0.0,
            0.0,
            1.0
          ]
        ],
        "distortionCoeffs": [
          [
            0.0011733686226785716,
            0.015373440485505438,
            0.0001875374534829478,
            0.0003751742928394788,
            -0.13526331048185278
          ]
        ],
        "reprojectionError": 0.033332841870627655
      }
    },
    "extrinsics": {
      "Center": {
        "rotationMatrix": [
          [
            1.0,
            0.0,
            0.0
          ],
          [
            0.0,
            1.0,
            0.0
          ],
          [
            0.0,
            0.0,
            1.0
          ]
        ],
        "translationVector": [
          [
            0.0
          ],
          [
            0.0
          ],
          [
            0.0
          ]
        ],
        "stereoRms": 0.0
      },
      "Up1": {
        "rotationMatrix": [
          [
            0.9999001413796227,
            0.012485094013437358,
            0.006620400024636196
          ],
          [
            -0.012440921509681742,
            0.9999003496002549,
            -0.006671906869692388
          ],
          [
            -0.006703039683644312,
            0.006588876745207865,
            0.9999558270054912
          ]
        ],
        "translationVector": [
          [
            -0.020683636619299686
          ],
          [
            0.3678170263159172
          ],
          [
            0.0006922329465145458
          ]
        ],
        "stereoRms": 15.849127257530226
      },
      "Up2": {
        "rotationMatrix": [
          [
            0.9997520971053571,
            0.02090305495449856,
            0.007668547907520072
          ],
          [
            -0.021066046378428543,
            0.9995397736870569,
            0.021828021156508226
          ],
          [
            -0.007208746314208521,
            -0.021984155912754218,
            0.9997323296089714
          ]
        ],
        "translationVector": [
          [
            -0.018040338180981805
          ],
          [
            0.7916843093755155
          ],
          [
            -0.017522164762164498
          ]
        ],
        "stereoRms": 15.972446824387479
      },
      "Up3": {
        "rotationMatrix": [
          [
            0.999799450476427,
            0.018670426405143842,
            0.0072438943175986235
          ],
          [
            -0.01872347690992385,
            0.9997978593254422,
            0.007326110882785808
          ],
          [
            -0.0071056484178418575,
            -0.007460272522732115,
            0.9999469256387804
          ]
        ],
        "translationVector": [
          [
            -0.040764360401050324
          ],
          [
            1.2515968494279226
          ],
          [
            0.010375771195341103
          ]
        ],
        "stereoRms": 16.027004603009416
      },
      "Down1": {
        "rotationMatrix": [
          [
            0.9999332655644891,
            0.00421819994365075,
            0.01075505494045551
          ],
          [
            -0.0040089167371753585,
            0.9998036308776697,
            -0.019406912954482186
          ],
          [
            -0.010834805218887278,
            0.019362501725341125,
            0.9997538199590962
          ]
        ],
        "translationVector": [
          [
            -0.016665372413495187
          ],
          [
            -0.2889189990106934
          ],
          [
            0.008001107600226081
          ]
        ],
        "stereoRms": 15.868371191389615
      },
      "Down2": {
        "rotationMatrix": [
          [
            0.9999983536559706,
            -0.001575773243710041,
            -0.0008997911051354904
          ],
          [
            0.0015398282284792037,
            0.9992519713094623,
            -0.03864099847545816
          ],
          [
            0.0009600074870812251,
            0.03863954933533761,
            0.9992527526170677
          ]
        ],
        "translationVector": [
          [
            -0.007159457398962493
          ],
          [
            -0.5200516900418148
          ],
          [
            -0.011895067825337195
          ]
        ],
        "stereoRms": 20.933966714929152
      },
      "Down3": {
        "rotationMatrix": [
          [
            0.9999611342009938,
            -0.006756395258583466,
            -0.005664027769353905
          ],
          [
            0.006611348689527932,
            0.9996593708613473,
            -0.025247421999104323
          ],
          [
            0.005832679998739741,
            0.02520899387530511,
            0.9996651871861034
          ]
        ],
        "translationVector": [
          [
            0.0035109084346949568
          ],
          [
            -1.2367887124591272
          ],
          [
            -0.007051172627872548
          ]
        ],
        "stereoRms": 11.54443671842651
      },
      "Left1": {
        "rotationMatrix": [
          [
            0.999666308109411,
            -0.004600842396231419,
            0.025418589263473432
          ],
          [
            0.004305637513468747,
            0.9999227932255234,
            0.011656289017943276
          ],
          [
            -0.025470255524881132,
            -0.01154295617735136,
            0.9996089366578237
          ]
        ],
        "translationVector": [
          [
            0.3084956583054952
          ],
          [
            0.041481511691025943
          ],
          [
            0.0022819283816861665
          ]
        ],
        "stereoRms": 15.833421344285439
      },
      "Left2": {
        "rotationMatrix": [
          [
            0.998834613846801,
            -0.019525048041465796,
            0.044138267755888166
          ],
          [
            0.01988711358129491,
            0.9997719706873177,
            -0.007778775057921229
          ],
          [
            -0.04397632198031913,
            0.008647492525322856,
            0.9989951471244031
          ]
        ],
        "translationVector": [
          [
            0.6496558849710853
          ],
          [
            0.018699861829043686
          ],
          [
            0.06003362781050867
          ]
        ],
        "stereoRms": 19.79057573725826
      },
      "Left3": {
        "rotationMatrix": [
          [
            0.9990260785619932,
            0.005890588923348583,
            0.043728655538242685
          ],
          [
            -0.0050639102985263465,
            0.9998068213076603,
            -0.018991494916428674
          ],
          [
            -0.04383207918334058,
            0.01875156070326895,
            0.9988629174244367
          ]
        ],
        "translationVector": [
          [
            1.0453878538959767
          ],
          [
            0.10543783593279869
          ],
          [
            0.21791809951033025
          ]
        ],
        "stereoRms": 19.338505029785505
      },
      "Right1": {
        "rotationMatrix": [
          [
            0.999963387878933,
            0.005319883880194426,
            -0.006702368028386548
          ],
          [
            -0.005359832698824808,
            0.9999678949922032,
            -0.005956607952755678
          ],
          [
            0.006670464386180249,
            0.005992313440022251,
            0.9999597977341436
          ]
        ],
        "translationVector": [
          [
            -0.29910373830257814
          ],
          [
            0.02296258175897318
          ],
          [
            -0.015784996871712236
          ]
        ],
        "stereoRms": 18.934137134405212
      },
      "Right2": {
        "rotationMatrix": [
          [
            0.9998401068054389,
            -0.009962188884432665,
            0.014849768210971434
          ],
          [
            0.010046598632822925,
            0.9999337355777214,
            -0.005620525731154952
          ],
          [
            -0.01479279146069639,
            0.005768816708346749,
            0.9998739390916166
          ]
        ],
        "translationVector": [
          [
            -0.7903260604620846
          ],
          [
            -0.01654395136005094
          ],
          [
            -0.018207814979716692
          ]
        ],
        "stereoRms": 16.253847754129563
      },
      "Right3": {
        "rotationMatrix": [
          [
            0.9999188093699565,
            0.0005394863804216827,
            0.012731206644067771
          ],
          [
            -0.0006584680942689296,
            0.9999561333011583,
            0.009343334156766447
          ],
          [
            -0.01272560756653472,
            -0.009350958658956217,
            0.9998753014672485
          ]
        ],
        "translationVector": [
          [
            -1.3824218118820337
          ],
          [
            0.056373872900600315
          ],
          [
            -0.13517688473364725
          ]
        ],
        "stereoRms": 15.96881424411393
      }
    },
    "timeStamp": null
  }
}