{
  "meta": {
    "runType": "initial",
    "numPoses": 12,
    "imageDir": "imageset1",
    "cameraIds": [
      "Center",
      "Up1",
      "Up2",
      "Up3",
      "Down1",
      "Down2",
      "Down3",
      "Left1",
      "Left2",
      "Left3",
      "Right1",
      "Right2",
      "Right3"
    ]
  },
  "state": {
    "intrinsics": {
      "Center": {
        "cameraMatrix": [
          [
            1675.32939499615,
            0.0,
            649.175242711652
          ],
          [
            0.0,
            1676.1428498251141,
            357.90570315550076
          ],
          [
            0.0,
            0.0,
            1.0
          ]
        ],
        "distortionCoeffs": [
          [
            -0.09931162831475107,
            1.714190863683828,
            -0.0026044451973328995,
            0.005644658048057729,
            -12.054068358028223
          ]
        ],
        "reprojectionError": 0.2233315149659987
      },
      "Up1": {
        "cameraMatrix": [
          [
            1659.4030320980196,
            0.0,
            660.265180822705
          ],
          [
            0.0,
            1660.7122564610486,
            364.30905838635044
          ],
          [
            0.0,
            0.0,
            1.0
          ]
        ],
        "distortionCoeffs": [
          [
            -0.11881223640800737,
            1.903692415831711,
            -0.0011188922014653093,
            0.007593709194947533,
            -12.81944478062015
          ]
        ],
        "reprojectionError": 0.24425712202481986
      },
      "Up2": {
        "cameraMatrix": [
          [
            1659.2839575999678,
            0.0,
            657.0599077254411
          ],
          [
            0.0,
            1660.4267830175538,
            420.27840949129774
          ],
          [
            0.0,
            0.0,
            1.0
          ]
        ],
        "distortionCoeffs": [
          [
            -0.1725019401436754,
            2.939209661325718,
            0.008784993302985938,
            0.007116371404915749,
            -19.188795753566314
          ]
        ],
        "reprojectionError": 0.2647108241882677
      },
      "Up3": {
        "cameraMatrix": [
          [
            1627.9311431340423,
            0.0,
            658.774537135816
          ],
          [
            0.0,
            1630.0123441914468,
            432.78037155925585
          ],
          [
            0.0,
            0.0,
            1.0
          ]
        ],
        "distortionCoeffs": [
          [
            -0.19217059644692486,
            3.0813667789091994,
            0.010372252330472658,
            0.00755577908926365,
            -19.55938376207032
          ]
        ],
        "reprojectionError": 0.32015464774549224
      },
      "Down1": {
        "cameraMatrix": [
          [
            1677.6100333088677,
            0.0,
            628.7493843004846
          ],
          [
            0.0,
            1676.4564208136348,
            385.4456371007482
          ],
          [
            0.0,
            0.0,
            1.0
          ]
        ],
        "distortionCoeffs": [
          [
            -0.045571594065416304,
            -0.07096067826380426,
            0.0018857023350766556,
            0.0026669764810120147,
            0.37071692681535146
          ]
        ],
        "reprojectionError": 0.20949548998820292
      },
      "Down2": {
        "cameraMatrix": [
          [
            1683.9163311357138,
            0.0,
            619.7018635813375
          ],
          [
            0.0,
            1683.371357988266,
            379.1089996175698
          ],
          [
            0.0,
            0.0,
            1.0
          ]
        ],
        "distortionCoeffs": [
          [
            -0.03795897143603463,
            -0.1410860177831515,
            0.0009072104690156556,
            0.0008869821512195383,
            0.7770463977108333
          ]
        ],
        "reprojectionError": 0.1791221960428295
      },
      "Down3": {
        "cameraMatrix": [
          [
            1705.8357056052548,
            0.0,
            621.8858827867542
          ],
          [
            0.0,
            1703.2859072136212,
            378.27621448816535
          ],
          [
            0.0,
            0.0,
            1.0
          ]
        ],
        "distortionCoeffs": [
          [
            -0.03533732754212764,
            -0.07147181662292283,
            0.0008437037937076886,
            0.0009199778098652638,
            0.4134806188782075
          ]
        ],
        "reprojectionError": 0.166081524269446
      },
      "Left1": {
        "cameraMatrix": [
          [
            1657.0352902822087,
            0.0,
            598.8990974408835
          ],
          [
            0.0,
            1653.5780256875303,
            372.22140704100724
          ],
          [
            0.0,
            0.0,
            1.0
          ]
        ],
        "distortionCoeffs": [
          [
            -0.09114093202716467,
            0.29367553796365115,
            0.0017347132315306461,
            -0.00038748131164787505,
            -0.3326929409854035
          ]
        ],
        "reprojectionError": 0.22917595090026693
      },
      "Left2": {
        "cameraMatrix": [
          [
            1660.1005021648978,
            0.0,
            597.1057708890789
          ],
          [
            0.0,
            1657.231419684227,
            377.520450001834
          ],
          [
            0.0,
            0.0,
            1.0
          ]
        ],
        "distortionCoeffs": [
          [
            -0.12689101954628434,
            0.6991713959776987,
            0.0009481651059349221,
            0.00022134490032825675,
            -1.6416449938145699
          ]
        ],
        "reprojectionError": 0.22734378207610526
      },
      "Left3": {
        "cameraMatrix": [
          [
            1685.3920614664546,
            0.0,
            603.7993742225685
          ],
          [
            0.0,
            1682.4548016628248,
            371.0263388103849
          ],
          [
            0.0,
            0.0,
            1.0
          ]
        ],
        "distortionCoeffs": [
          [
            -0.11386382787587553,
            0.6858661224409661,
            0.0007615257995474734,
            0.0002337259659732627,
            -1.6461719537715105
          ]
        ],
        "reprojectionError": 0.18931786842970935
      },
      "Right1": {
        "cameraMatrix": [
          [
            1644.9603874357927,
            0.0,
            614.4893255701303
          ],
          [
            0.0,
            1642.480185344673,
            356.01238742244533
          ],
          [
            0.0,
            0.0,
            1.0
          ]
        ],
        "distortionCoeffs": [
          [
            -0.09967738620223668,
            1.2318994961365148,
            -0.0018951711080012286,
            0.0007235187394168103,
            -8.11334838203985
          ]
        ],
        "reprojectionError": 0.29856175108833766
      },
      "Right2": {
        "cameraMatrix": [
          [
            1523.2149780334603,
            0.0,
            595.8059026877547
          ],
          [
            0.0,
            1518.4240996360847,
            372.8455955697508
          ],
          [
            0.0,
            0.0,
            1.0
          ]
        ],
        "distortionCoeffs": [
          [
            -0.08601923176062543,
            0.19084682381213533,
            0.0007467086734064318,
            0.0035686906037503754,
            -0.7406869222288305
          ]
        ],
        "reprojectionError": 0.7054672900359626
      },
      "Right3": {
        "cameraMatrix": [
          [
            1387.5984469416594,
            0.0,
            532.1271478048692
          ],
          [
            0.0,
            1378.734620299443,
            383.9423073566544
          ],
          [
            0.0,
            0.0,
            1.0
          ]
        ],
        "distortionCoeffs": [
          [
            -0.0841873093777597,
            -0.3365482029300668,
            0.0019603229102684804,
            -0.0023653828195427523,
            1.8113033884232022
          ]
        ],
        "reprojectionError": 0.9223293681639207
      }
    },
    "extrinsics": {
      "Center": {
        "rotationMatrix": [
          [
            1.0,
            0.0,
            0.0
          ],
          [
            0.0,
            1.0,
            0.0
          ],
          [
            0.0,
            0.0,
            1.0
          ]
        ],
        "translationVector": [
          [
            0.0
          ],
          [
            0.0
          ],
          [
            0.0
          ]
        ],
        "stereoRms": 0.0
      },
      "Up1": {
        "rotationMatrix": [
          [
            0.9999994573649928,
            -0.0003844279986398048,
            0.0009682380046792471
          ],
          [
            0.0004013982484974347,
            0.9998452357264058,
            -0.017588162912994965
          ],
          [
            -0.000961326773759395,
            0.01758854201808126,
            0.9998448474841045
          ]
        ],
        "translationVector": [
          [
            -0.0863179977029342
          ],
          [
            2.0844824368346835
          ],
          [
            -0.8684711257028418
          ]
        ],
        "stereoRms": 0.302087312271209
      },
      "Up2": {
        "rotationMatrix": [
          [
            0.9999984859358994,
            0.00023178014661026612,
            0.001724646013719464
          ],
          [
            -0.00020054015898047082,
            0.9998363056903026,
            -0.01809203159439277
          ],
          [
            -0.0017285570727162008,
            0.018091658341111445,
            0.999834838355273
          ]
        ],
        "translationVector": [
          [
            0.04375748712951853
          ],
          [
            4.057359179916088
          ],
          [
            -0.9890349428601182
          ]
        ],
        "stereoRms": 0.3138320783808663
      },
      "Up3": {
        "rotationMatrix": [
          [
            0.9998848722527015,
            -0.015152369219776304,
            -0.0008049516919690591
          ],
          [
            0.015111205873675024,
            0.9991733800707152,
            -0.03773868062221323
          ],
          [
            0.0013761167255133926,
            0.037722172062191466,
            0.999287318061061
          ]
        ],
        "translationVector": [
          [
            0.05721433908104839
          ],
          [
            6.018949188297204
          ],
          [
            -2.6229322782621396
          ]
        ],
        "stereoRms": 0.3573730909474923
      },
      "Down1": {
        "rotationMatrix": [
          [
            0.9997561391006202,
            -0.004492077324736911,
            0.021621368410205226
          ],
          [
            0.005004928294707144,
            0.9997060117483965,
            -0.023724265360169847
          ],
          [
            -0.021508440747438566,
            0.02382669333800852,
            0.9994847050661607
          ]
        ],
        "translationVector": [
          [
            0.16530404855748
          ],
          [
            -2.247151756920761
          ],
          [
            0.1491986927043076
          ]
        ],
        "stereoRms": 0.2676784201929265
      },
      "Down2": {
        "rotationMatrix": [
          [
            0.9998851764597813,
            -0.00016738999355833076,
            0.015152751452531962
          ],
          [
            0.0005121962242578606,
            0.9997409553989188,
            -0.02275433481965277
          ],
          [
            -0.015145017366117775,
            0.02275948326845456,
            0.9996262473396409
          ]
        ],
        "translationVector": [
          [
            0.13058857633846704
          ],
          [
            -4.382343799772537
          ],
          [
            0.3983595683055111
          ]
        ],
        "stereoRms": 0.2377428817802903
      },
      "Down3": {
        "rotationMatrix": [
          [
            0.9999081639458808,
            -0.010124137447246105,
            0.009009190603320096
          ],
          [
            0.01038966553936055,
            0.9994979604522407,
            -0.029931286337066
          ],
          [
            -0.008701639176494611,
            0.030022140042982932,
            0.9995113569054039
          ]
        ],
        "translationVector": [
          [
            0.16377872380301106
          ],
          [
            -6.60139877168645
          ],
          [
            1.5872982985824924
          ]
        ],
        "stereoRms": 0.23714051277720458
      },
      "Left1": {
        "rotationMatrix": [
          [
            0.9972053937452465,
            -0.010672157737185108,
            0.07394259756473578
          ],
          [
            0.009806043796003897,
            0.9998791133166594,
            0.012066493200672782
          ],
          [
            -0.07406243440813084,
            -0.011307687753191145,
            0.997189496538756
          ]
        ],
        "translationVector": [
          [
            -0.265285595984108
          ],
          [
            -0.5157771060774033
          ],
          [
            -0.9978001709532255
          ]
        ],
        "stereoRms": 10.959113375908455
      },
      "Left2": {
        "rotationMatrix": [
          [
            0.9982886817321301,
            -0.023820858592134352,
            0.05340669079300202
          ],
          [
            0.024788134962889546,
            0.9995391439886578,
            -0.017522785151985316
          ],
          [
            -0.05296467021125838,
            0.018816650348949016,
            0.9984190890498128
          ]
        ],
        "translationVector": [
          [
            4.773254898370006
          ],
          [
            -0.054969535617628275
          ],
          [
            -1.0519430568053127
          ]
        ],
        "stereoRms": 0.3063177774919095
      },
      "Left3": {
        "rotationMatrix": [
          [
            0.9989622171172894,
            -0.010311045036578832,
            0.044364074681698104
          ],
          [
            0.011127182113578698,
            0.9997726490290115,
            -0.01818889968426346
          ],
          [
            -0.04416644190243196,
            0.018663670693799442,
            0.9988498349631503
          ]
        ],
        "translationVector": [
          [
            6.962748212013904
          ],
          [
            -0.05796481721135506
          ],
          [
            0.3861972182837833
          ]
        ],
        "stereoRms": 0.26830187752530593
      },
      "Right1": {
        "rotationMatrix": [
          [
            0.9999415875452851,
            0.005490280872098734,
            0.009310118869300697
          ],
          [
            -0.0055234893434784795,
            0.9999784618988501,
            0.003544968812608421
          ],
          [
            -0.00929045547255471,
            -0.0035961860846393154,
            0.9999503762101183
          ]
        ],
        "translationVector": [
          [
            -0.8488744608615385
          ],
          [
            -0.49565341583550004
          ],
          [
            -1.6215482784965674
          ]
        ],
        "stereoRms": 12.149196230085176
      },
      "Right2": {
        "rotationMatrix": [
          [
            0.9993847186622276,
            -0.009827929796999068,
            0.033668915936297186
          ],
          [
            0.010401473438937018,
            0.9998030427247642,
            -0.016902222001931744
          ],
          [
            -0.03349617074710595,
            0.01724202871499626,
            0.9992901075218708
          ]
        ],
        "translationVector": [
          [
            -2.242642488652107
          ],
          [
            0.09073130643939939
          ],
          [
            -8.309844040496511
          ]
        ],
        "stereoRms": 0.6291027385004648
      },
      "Right3": {
        "rotationMatrix": [
          [
            0.9988781114469107,
            -0.011235136771808166,
            0.046003153956784025
          ],
          [
            0.011171917003720291,
            0.9999362618049593,
            0.001631133957076697
          ],
          [
            -0.04601854781188553,
            -0.0011153605886471201,
            0.9989399627745615
          ]
        ],
        "translationVector": [
          [
            -3.337210613360161
          ],
          [
            -0.1469477102339904
          ],
          [
            -15.806854329226319
          ]
        ],
        "stereoRms": 0.8952524058290708
      }
    },
    "timeStamp": null
  }
}