{
  "meta": {
    "runType": "initial",
    "numPoses": 12,
    "imageDir": "imageset1",
    "cameraIds": [
      "Center",
      "Up1",
      "Up2",
      "Up3",
      "Down1",
      "Down2",
      "Down3",
      "Left1",
      "Left2",
      "Left3",
      "Right1",
      "Right2",
      "Right3"
    ],
    "bundleAdjust": true
  },
  "state": {
    "intrinsics": {
      "Center": {
        "cameraMatrix": [
          [
            1675.3294889894876,
            0.0,
            649.1754311562977
          ],
          [
            0.0,
            1676.1429673557398,
            357.90571956648904
          ],
          [
            0.0,
            0.0,
            1.0
          ]
        ],
        "distortionCoeffs": [
          [
            -0.0993116357280947,
            1.7141911496941524,
            -0.0026043806368360903,
            0.0056447515328405945,
            -12.054054390831118
          ]
        ],
        "reprojectionError": 0.22333155706837754
      },
      "Up1": {
        "cameraMatrix": [
          [
            1659.4031494829799,
            0.0,
            660.2653585913773
          ],
          [
            0.0,
            1660.7123948070766,
            364.3090802661634
          ],
          [
            0.0,
            0.0,
            1.0
          ]
        ],
        "distortionCoeffs": [
          [
            -0.11881222502688175,
            1.9036925825787099,
            -0.001118829646340177,
            0.0075937954961759835,
            -12.819431991594165
          ]
        ],
        "reprojectionError": 0.2442571596599839
      },
      "Up2": {
        "cameraMatrix": [
          [
            1659.2841137190226,
            0.0,
            657.0600846294275
          ],
          [
            0.0,
            1660.426954929187,
            420.278385321595
          ],
          [
            0.0,
            0.0,
            1.0
          ]
        ],
        "distortionCoeffs": [
          [
            -0.1725018198267925,
            2.9392075334902255,
            0.0087850471584054,
            0.007116446434598739,
            -19.188769904963312
          ]
        ],
        "reprojectionError": 0.26471087434520235
      },
      "Up3": {
        "cameraMatrix": [
          [
            1627.93132490067,
            0.0,
            658.7747099588948
          ],
          [
            0.0,
            1630.0125395541645,
            432.78032708736197
          ],
          [
            0.0,
            0.0,
            1.0
          ]
        ],
        "distortionCoeffs": [
          [
            -0.19217048271959658,
            3.0813646587881003,
            0.01037230057794844,
            0.00755584484695259,
            -19.559359683740734
          ]
        ],
        "reprojectionError": 0.32015466846478363
      },
      "Down1": {
        "cameraMatrix": [
          [
            1677.6101014338547,
            0.0,
            628.7493946572857
          ],
          [
            0.0,
            1676.4565326727486,
            385.4458268605357
          ],
          [
            0.0,
            0.0,
            1.0
          ]
        ],
        "distortionCoeffs": [
          [
            -0.045571851654904925,
            -0.07095824364419026,
            0.00188580137760878,
            0.0026670517262030223,
            0.3707218642214944
          ]
        ],
        "reprojectionError": 0.2094955501186899
      },
      "Down2": {
        "cameraMatrix": [
          [
            1683.9164268544182,
            0.0,
            619.7018958924373
          ],
          [
            0.0,
            1683.3715101366804,
            379.1092064342632
          ],
          [
            0.0,
            0.0,
            1.0
          ]
        ],
        "distortionCoeffs": [
          [
            -0.03795931117130397,
            -0.1410815215645842,
            0.0009073101555420355,
            0.0008870651016567903,
            0.7770362032575208
          ]
        ],
        "reprojectionError": 0.17912222768266226
      },
      "Down3": {
        "cameraMatrix": [
          [
            1705.8358486854565,
            0.0,
            621.8859046742302
          ],
          [
            0.0,
            1703.286121090694,
            378.27644903318946
          ],
          [
            0.0,
            0.0,
            1.0
          ]
        ],
        "distortionCoeffs": [
          [
            -0.03533778245100824,
            -0.07146566630181131,
            0.0008438068817320936,
            0.0009200599437733997,
            0.4134610959581978
          ]
        ],
        "reprojectionError": 0.16608154541235678
      },
      "Left1": {
        "cameraMatrix": [
          [
            1657.0351955336212,
            0.0,
            598.8992823661628
          ],
          [
            0.0,
            1653.5779921698324,
            372.2213716647859
          ],
          [
            0.0,
            0.0,
            1.0
          ]
        ],
        "distortionCoeffs": [
          [
            -0.09114070295752869,
            0.2936711008254998,
            0.0017347577923238953,
            -0.0003874067982551892,
            -0.33266229798723446
          ]
        ],
        "reprojectionError": 0.22917598674071568
      },
      "Left2": {
        "cameraMatrix": [
          [
            1660.1004397815047,
            0.0,
            597.1059655812016
          ],
          [
            0.0,
            1657.2314142338937,
            377.5204851771008
          ],
          [
            0.0,
            0.0,
            1.0
          ]
        ],
        "distortionCoeffs": [
          [
            -0.1268914350105087,
            0.6991758538757268,
            0.000948243331282265,
            0.00022142058704391644,
            -1.641651568660847
          ]
        ],
        "reprojectionError": 0.22734381726756206
      },
      "Left3": {
        "cameraMatrix": [
          [
            1685.391979941954,
            0.0,
            603.799637708104
          ],
          [
            0.0,
            1682.4547890696674,
            371.0263508676171
          ],
          [
            0.0,
            0.0,
            1.0
          ]
        ],
        "distortionCoeffs": [
          [
            -0.1138641938659957,
            0.6858701174158419,
            0.0007616044711951914,
            0.00023381701228811976,
            -1.6461779386890165
          ]
        ],
        "reprojectionError": 0.18931789349427133
      },
      "Right1": {
        "cameraMatrix": [
          [
            1644.9604500582893,
            0.0,
            614.4895206582136
          ],
          [
            0.0,
            1642.480290020164,
            356.01260928246796
          ],
          [
            0.0,
            0.0,
            1.0
          ]
        ],
        "distortionCoeffs": [
          [
            -0.09967742445182083,
            1.2318988477647932,
            -0.0018950793083888787,
            0.000723597715243922,
            -8.113329447056064
          ]
        ],
        "reprojectionError": 0.2985617931487086
      },
      "Right2": {
        "cameraMatrix": [
          [
            1523.2151529357604,
            0.0,
            595.8062565333084
          ],
          [
            0.0,
            1518.4243150959348,
            372.84580500931247
          ],
          [
            0.0,
            0.0,
            1.0
          ]
        ],
        "distortionCoeffs": [
          [
            -0.08601995334036179,
            0.19086117046410403,
            0.0007467915655658668,
            0.0035688044764519283,
            -0.7407526216170394
          ]
        ],
        "reprojectionError": 0.7054673105764903
      },
      "Right3": {
        "cameraMatrix": [
          [
            1387.598673596646,
            0.0,
            532.1278311746435
          ],
          [
            0.0,
            1378.7349027177704,
            383.9428408641723
          ],
          [
            0.0,
            0.0,
            1.0
          ]
        ],
        "distortionCoeffs": [
          [
            -0.08418909575001546,
            -0.33651835121641466,
            0.001960446057674936,
            -0.002365216412292666,
            1.8111753693998005
          ]
        ],
        "reprojectionError": 0.9223293748732257
      }
    },
    "extrinsics": {
      "Center": {
        "rotationMatrix": [
          [
            1.0,
            0.0,
            0.0
          ],
          [
            0.0,
            1.0,
            0.0
          ],
          [
            0.0,
            0.0,
            1.0
          ]
        ],
        "translationVector": [
          [
            0.0
          ],
          [
            0.0
          ],
          [
            0.0
          ]
        ],
        "stereoRms": 0.0
      },
      "Up1": {
        "rotationMatrix": [
          [
            0.9999994571296884,
            -0.0003844330945009449,
            0.0009684789746165914
          ],
          [
            0.0004014049948325961,
            0.9998452830401858,
            -0.017585472877371233
          ],
          [
            -0.0009615686967374824,
            0.01758585208303789,
            0.9998448945672298
          ]
        ],
        "translationVector": [
          [
            -0.009494979414460732
          ],
          [
            0.2292969449907023
          ],
          [
            -0.09555017155202343
          ]
        ],
        "stereoRms": 0.21574216928690737
      },
      "Up2": {
        "rotationMatrix": [
          [
            0.9999984840689498,
            0.00023178293318884053,
            0.001725727810020061
          ],
          [
            -0.0002005198364651346,
            0.9998362686943155,
            -0.01809407624676551
          ],
          [
            -0.001729639152418288,
            0.01809370277473526,
            0.9998347994885465
          ]
        ],
        "translationVector": [
          [
            0.004813109922698391
          ],
          [
            0.44642436207397196
          ],
          [
            -0.10880516699961432
          ]
        ],
        "stereoRms": 0.34050033653835116
      },
      "Up3": {
        "rotationMatrix": [
          [
            0.9998848329873218,
            -0.01515495974537339,
            -0.0008049577826325408
          ],
          [
            0.015113784627320201,
            0.9991730750606798,
            -0.03774572277787389
          ],
          [
            0.001376327052225675,
            0.037729209757179395,
            0.9992870520801038
          ]
        ],
        "translationVector": [
          [
            0.006293173249974714
          ],
          [
            0.6620191619397852
          ],
          [
            -0.2885817580651815
          ]
        ],
        "stereoRms": 0.419454138224473
      },
      "Down1": {
        "rotationMatrix": [
          [
            0.9997562980186441,
            -0.004491297218184992,
            0.02161418102436343
          ],
          [
            0.0050040558353062455,
            0.9997059290278749,
            -0.023727934838719662
          ],
          [
            -0.021501255713403486,
            0.02383031086266632,
            0.9994847734142503
          ]
        ],
        "translationVector": [
          [
            0.01821215072685195
          ],
          [
            -0.24715899036971511
          ],
          [
            0.016411346628304877
          ]
        ],
        "stereoRms": 0.2593829998368354
      },
      "Down2": {
        "rotationMatrix": [
          [
            0.9998852292099787,
            -0.00016740985796898344,
            0.015149270003791123
          ],
          [
            0.0005121708289846337,
            0.9997409043248833,
            -0.0227565792839452
          ],
          [
            -0.01514153521774618,
            0.02276172650753895,
            0.999626249013923
          ]
        ],
        "translationVector": [
          [
            0.01436583297219739
          ],
          [
            -0.4820128084737379
          ],
          [
            0.04647053788195375
          ]
        ],
        "stereoRms": 0.2510907684839597
      },
      "Down3": {
        "rotationMatrix": [
          [
            0.9999081765839349,
            -0.010119395254196072,
            0.00901311490439093
          ],
          [
            0.01038508250236751,
            0.9994978726571265,
            -0.02993580824527087
          ],
          [
            -0.008705656897065268,
            0.030026661378980534,
            0.9995111861026982
          ]
        ],
        "translationVector": [
          [
            0.018014560631506107
          ],
          [
            -0.7261490475568412
          ],
          [
            0.17451768343265023
          ]
        ],
        "stereoRms": 0.3132824286204731
      },
      "Left1": {
        "rotationMatrix": [
          [
            0.9972112063884925,
            -0.010696466708655,
            0.07386064888124247
          ],
          [
            0.009834477075896736,
            0.9998793419091725,
            0.012024337151117684
          ],
          [
            -0.07398035491839175,
            -0.011264422898254602,
            0.9971960789448172
          ]
        ],
        "translationVector": [
          [
            -0.029678849129941523
          ],
          [
            -0.05592366519045953
          ],
          [
            -0.10908254377245762
          ]
        ],
        "stereoRms": 15.497496202262028
      },
      "Left2": {
        "rotationMatrix": [
          [
            0.998288034824807,
            -0.023809560972904764,
            0.05342381802064025
          ],
          [
            0.02477703700890673,
            0.9995394552802748,
            -0.01752072415943137
          ],
          [
            -0.05298205321317985,
            0.018814413206080762,
            0.998418208914995
          ]
        ],
        "translationVector": [
          [
            0.5249482122106356
          ],
          [
            -0.006046290638219993
          ],
          [
            -0.11570128699814936
          ]
        ],
        "stereoRms": 0.30880982951956787
      },
      "Left3": {
        "rotationMatrix": [
          [
            0.9989628946678731,
            -0.010306840253086468,
            0.0443497927929893
          ],
          [
            0.011122942014171312,
            0.9997725994070585,
            -0.01819421984594886
          ],
          [
            -0.04415218270632962,
            0.018668650697109667,
            0.9988503722997836
          ]
        ],
        "translationVector": [
          [
            0.765985116948325
          ],
          [
            -0.006375832249928295
          ],
          [
            0.04247997469965205
          ]
        ],
        "stereoRms": 0.3187234296358268
      },
      "Right1": {
        "rotationMatrix": [
          [
            0.9999209607596967,
            0.005481828948783862,
            0.01131467121843772
          ],
          [
            -0.005522183671508432,
            0.9999784922743056,
            0.003538428507798705
          ],
          [
            -0.011295030805765575,
            -0.00360063052574853,
            0.9999297264002676
          ]
        ],
        "translationVector": [
          [
            -0.11437307609085964
          ],
          [
            -0.05461869104974774
          ],
          [
            -0.17777581766372705
          ]
        ],
        "stereoRms": 17.147625848301274
      },
      "Right2": {
        "rotationMatrix": [
          [
            0.9993858818210316,
            -0.0098191775942419,
            0.03363692863761119
          ],
          [
            0.010392318364838712,
            0.9998030607170146,
            -0.016906788574221683
          ],
          [
            -0.03346429344544489,
            0.017245971479227684,
            0.9992911075016804
          ]
        ],
        "translationVector": [
          [
            -0.2466219152332996
          ],
          [
            0.009980281686269252
          ],
          [
            -0.9144273589019748
          ]
        ],
        "stereoRms": 0.6893478203261041
      },
      "Right3": {
        "rotationMatrix": [
          [
            0.9988795440126236,
            -0.011255398401317389,
            0.04596708126432474
          ],
          [
            0.011192291900049167,
            0.9999360357809575,
            0.0016300149348290253
          ],
          [
            -0.04598248748336161,
            -0.0011137115835322046,
            0.9989416251670321
          ]
        ],
        "translationVector": [
          [
            -0.36713446121039744
          ],
          [
            -0.016171710916475544
          ],
          [
            -1.7396642573766978
          ]
        ],
        "stereoRms": 1.116214999520409
      }
    },
    "timeStamp": null
  }
}