{
  "meta": {
    "runType": "initial",
    "numPoses": 33,
    "imageDir": "imageset2",
    "cameraIds": [
      "Center",
      "Up1",
      "Up2",
      "Up3",
      "Down1",
      "Down2",
      "Down3",
      "Left1",
      "Left2",
      "Left3",
      "Right1",
      "Right2",
      "Right3"
    ]
  },
  "state": {
    "intrinsics": {
      "Center": {
        "cameraMatrix": [
          [
            1778.9580921356794,
            0.0,
            638.7004447319024
          ],
          [
            0.0,
            1778.9598500312209,
            358.6540903687306
          ],
          [
            0.0,
            0.0,
            1.0
          ]
        ],
        "distortionCoeffs": [
          [
            -0.0006597073423882705,
            0.05261913354789937,
            -0.00013453690344103096,
            0.00010309705725080545,
            -0.3922515605010495
          ]
        ],
        "reprojectionError": 0.032656991553408544
      },
      "Up1": {
        "cameraMatrix": [
          [
            1778.200932232529,
            0.0,
            640.1643174589778
          ],
          [
            0.0,
            1778.253497743669,
            355.7887738652421
          ],
          [
            0.0,
            0.0,
            1.0
          ]
        ],
        "distortionCoeffs": [
          [
            0.000984932201688075,
            -0.012276671561634492,
            -0.0009350518881287151,
            0.00022085777384625092,
            0.08116875684102506
          ]
        ],
        "reprojectionError": 0.03294645705839084
      },
      "Up2": {
        "cameraMatrix": [
          [
            1777.6535924958653,
            0.0,
            639.8958314626935
          ],
          [
            0.0,
            1777.6204635958698,
            359.187387091227
          ],
          [
            0.0,
            0.0,
            1.0
          ]
        ],
        "distortionCoeffs": [
          [
            -0.003071279979201553,
            0.10714176696580566,
            -9.380682130148409e-05,
            -6.936914900545406e-05,
            -0.774703920733811
          ]
        ],
        "reprojectionError": 0.032842264910098215
      },
      "Up3": {
        "cameraMatrix": [
          [
            1779.184574585685,
            0.0,
            640.166519839107
          ],
          [
            0.0,
            1779.4538521989525,
            359.4529792553614
          ],
          [
            0.0,
            0.0,
            1.0
          ]
        ],
        "distortionCoeffs": [
          [
            0.006684481887576803,
            -0.10049443470859493,
            -0.00015173401549372752,
            0.00010777106730322489,
            0.5802191669791809
          ]
        ],
        "reprojectionError": 0.03306134916045857
      },
      "Down1": {
        "cameraMatrix": [
          [
            1778.4734397271438,
            0.0,
            640.4574097568201
          ],
          [
            0.0,
            1778.6459978961311,
            359.9435485701795
          ],
          [
            0.0,
            0.0,
            1.0
          ]
        ],
        "distortionCoeffs": [
          [
            0.004124433915892805,
            -0.026468055376429708,
            0.0003030332678708661,
            0.00015350976651950306,
            -0.07785777898998104
          ]
        ],
        "reprojectionError": 0.03202167087251357
      },
      "Down2": {
        "cameraMatrix": [
          [
            1778.2940965125647,
            0.0,
            639.4957097492511
          ],
          [
            0.0,
            1778.359462242183,
            361.50026121513287
          ],
          [
            0.0,
            0.0,
            1.0
          ]
        ],
        "distortionCoeffs": [
          [
            -0.002081723167273994,
            0.0330095886206832,
            0.0004098088461354982,
            0.00011482118107770335,
            -0.1995558800711549
          ]
        ],
        "reprojectionError": 0.03270894166365483
      },
      "Down3": {
        "cameraMatrix": [
          [
            1778.801509107468,
            0.0,
            639.3009407824679
          ],
          [
            0.0,
            1778.9351216539192,
            360.7067009390295
          ],
          [
            0.0,
            0.0,
            1.0
          ]
        ],
        "distortionCoeffs": [
          [
            0.003174759240372684,
            -0.027006039767019468,
            0.0003787818536816835,
            -7.285722119703879e-05,
            0.12098145607602799
          ]
        ],
        "reprojectionError": 0.03262671647560979
      },
      "Left1": {
        "cameraMatrix": [
          [
            1777.241748829453,
            0.0,
            640.7093232882864
          ],
          [
            0.0,
            1777.282791657689,
            358.41506894683926
          ],
          [
            0.0,
            0.0,
            1.0
          ]
        ],
        "distortionCoeffs": [
          [
            -0.0021595029726641122,
            -0.0071684519715578794,
            -5.8127535070162596e-05,
            0.0002700201603220899,
            0.23694149875117942
          ]
        ],
        "reprojectionError": 0.03264027795027647
      },
      "Left2": {
        "cameraMatrix": [
          [
            1778.2580063610644,
            0.0,
            637.4424835797963
          ],
          [
            0.0,
            1778.2428353981454,
            359.8187460818333
          ],
          [
            0.0,
            0.0,
            1.0
          ]
        ],
        "distortionCoeffs": [
          [
            0.0016278398292581169,
            -0.016687262634540647,
            -5.4943862339717346e-05,
            -0.0001480991921211879,
            -0.005225792233213938
          ]
        ],
        "reprojectionError": 0.03333680751300382
      },
      "Left3": {
        "cameraMatrix": [
          [
            1778.8661291656895,
            0.0,
            638.3855165875791
          ],
          [
            0.0,
            1778.6856668330595,
            360.78015179024106
          ],
          [
            0.0,
            0.0,
            1.0
          ]
        ],
        "distortionCoeffs": [
          [
            0.0017563349415247568,
            -0.012281535106888298,
            0.00017273364205641536,
            -0.0001380631839612177,
            0.033194641499189555
          ]
        ],
        "reprojectionError": 0.03252922371593778
      },
      "Right1": {
        "cameraMatrix": [
          [
            1777.3504913527881,
            0.0,
            637.9226811001209
          ],
          [
            0.0,
            1777.350446689595,
            361.76102845077173
          ],
          [
            0.0,
            0.0,
            1.0
          ]
        ],
        "distortionCoeffs": [
          [
            0.00015234230285521972,
            -0.01669009946277017,
            0.00043670478327875864,
            -0.0004097412677918862,
            0.05108732193403203
          ]
        ],
        "reprojectionError": 0.032322807573129074
      },
      "Right2": {
        "cameraMatrix": [
          [
            1779.2491036844567,
            0.0,
            641.54410896904
          ],
          [
            0.0,
            1779.38107346671,
            359.37681481062856
          ],
          [
            0.0,
            0.0,
            1.0
          ]
        ],
        "distortionCoeffs": [
          [
            -0.003506553836767033,
            0.06444542126646131,
            -9.192042467833944e-05,
            0.00033901697737817165,
            -0.29891231984677125
          ]
        ],
        "reprojectionError": 0.03284557315697109
      },
      "Right3": {
        "cameraMatrix": [
          [
            1777.6314500226376,
            0.0,
            640.7851576349962
          ],
          [
            0.0,
            1777.6039742172059,
            361.18907328798616
          ],
          [
            0.0,
            0.0,
            1.0
          ]
        ],
        "distortionCoeffs": [
          [
            0.001968392134625795,
            0.0035626905827185243,
            0.000264126172804361,
            0.00037170485601906015,
            -0.08161350587222897
          ]
        ],
        "reprojectionError": 0.033087588219221586
      }
    },
    "extrinsics": {
      "Center": {
        "rotationMatrix": [
          [
            1.0,
            0.0,
            0.0
          ],
          [
            0.0,
            1.0,
            0.0
          ],
          [
            0.0,
            0.0,
            1.0
          ]
        ],
        "translationVector": [
          [
            0.0
          ],
          [
            0.0
          ],
          [
            0.0
          ]
        ],
        "stereoRms": 0.0
      },
      "Up1": {
        "rotationMatrix": [
          [
            0.9999583339749138,
            0.00662686245520496,
            0.006278137312494202
          ],
          [
            -0.006567957252069626,
            0.9999346502176865,
            -0.009357202122867062
          ],
          [
            -0.006339735929021258,
            0.009315577707957608,
            0.999936511864787
          ]
        ],
        "translationVector": [
          [
            -0.007412322686289742
          ],
          [
            0.22043579472059777
          ],
          [
            -0.0013453836184107524
          ]
        ],
        "stereoRms": 14.829862428465969
      },
      "Up2": {
        "rotationMatrix": [
          [
            0.9999400735402358,
            0.00900420967920602,
            0.00622684000121094
          ],
          [
            -0.009139195252968111,
            0.9997161869407362,
            0.022000469967780628
          ],
          [
            -0.006026975898069709,
            -0.022056059864082364,
            0.9997385687192408
          ]
        ],
        "translationVector": [
          [
            -0.001920364652212067
          ],
          [
            0.43486588825591194
          ],
          [
            -0.008793713997938478
          ]
        ],
        "stereoRms": 16.743905025582976
      },
      "Up3": {
        "rotationMatrix": [
          [
            0.9999634186065192,
            0.006214997207458576,
            0.0058766706964678275
          ],
          [
            -0.006211307150750385,
            0.9999805010100661,
            -0.0006459590824780715
          ],
          [
            -0.005880570741218804,
            0.0006094336456751374,
            0.999982523586482
          ]
        ],
        "translationVector": [
          [
            -0.011815036234946326
          ],
          [
            0.7472693383893378
          ],
          [
            0.010614748905925099
          ]
        ],
        "stereoRms": 13.433690115436038
      },
      "Down1": {
        "rotationMatrix": [
          [
            0.9999428368606429,
            0.0026775674705668494,
            0.010351504409035615
          ],
          [
            -0.0025561832918728606,
            0.99992803083311,
            -0.011721735417473294
          ],
          [
            -0.010382145157339671,
            0.01169460502366198,
            0.9998777161609675
          ]
        ],
        "translationVector": [
          [
            -0.007082743979875727
          ],
          [
            -0.21840379049141945
          ],
          [
            0.003327715866726132
          ]
        ],
        "stereoRms": 14.602215685118832
      },
      "Down2": {
        "rotationMatrix": [
          [
            0.9999985050975441,
            -0.001181377000169487,
            -0.0012625969509558928
          ],
          [
            0.0011563283301136466,
            0.9998060759445754,
            -0.019658926957058995
          ],
          [
            0.0012855767071898738,
            0.019657437592256903,
            0.9998059473917109
          ]
        ],
        "translationVector": [
          [
            -0.0020923651602196567
          ],
          [
            -0.4298268559529017
          ],
          [
            -0.008751083877509079
          ]
        ],
        "stereoRms": 20.19030692961525
      },
      "Down3": {
        "rotationMatrix": [
          [
            0.9999536300684349,
            -0.008028024324203267,
            -0.005318697059417501
          ],
          [
            0.007937346039833443,
            0.9998264190814159,
            -0.01685616340324522
          ],
          [
            0.005453095524910233,
            0.016813165445060122,
            0.9998437784058634
          ]
        ],
        "translationVector": [
          [
            -0.0023608078301882106
          ],
          [
            -0.7445894931977854
          ],
          [
            -0.009696486860533832
          ]
        ],
        "stereoRms": 9.653679126890877
      },
      "Left1": {
        "rotationMatrix": [
          [
            0.9997604036088469,
            -0.007492081710097854,
            0.020567063172092257
          ],
          [
            0.007212417703616094,
            0.9998809814206446,
            0.013638329228943008
          ],
          [
            -0.020666794786424466,
            -0.013486723283944593,
            0.9996954495686764
          ]
        ],
        "translationVector": [
          [
            0.20443343931789573
          ],
          [
            0.0073315030257679985
          ],
          [
            -0.0015092422779883622
          ]
        ],
        "stereoRms": 16.699483049302128
      },
      "Left2": {
        "rotationMatrix": [
          [
            0.9993573533663888,
            -0.021434983003810127,
            0.02873015447492792
          ],
          [
            0.021654977823647597,
            0.9997383522674202,
            -0.007368102949941887
          ],
          [
            -0.028564702133650557,
            0.007985518721409566,
            0.9995600478624412
          ]
        ],
        "translationVector": [
          [
            0.4743910038327513
          ],
          [
            0.005162544067925141
          ],
          [
            0.043468293683967575
          ]
        ],
        "stereoRms": 16.595972619754424
      },
      "Left3": {
        "rotationMatrix": [
          [
            0.9997637712119443,
            -0.00160965406674225,
            0.021675119050575863
          ],
          [
            0.0019196173775781157,
            0.9998960898695997,
            -0.01428721570527903
          ],
          [
            -0.021649869311266445,
            0.014325448588818844,
            0.9996629755480264
          ]
        ],
        "translationVector": [
          [
            0.7425602331824533
          ],
          [
            0.02107789435009134
          ],
          [
            0.09878310755172587
          ]
        ],
        "stereoRms": 16.236391281324458
      },
      "Right1": {
        "rotationMatrix": [
          [
            0.9999900672915318,
            0.004432308206173059,
            -0.0004690013252405006
          ],
          [
            -0.004434483570129728,
            0.9999789164681875,
            -0.004743624624272055
          ],
          [
            0.0004479662306869696,
            0.004745657285902728,
            0.9999886389670539
          ]
        ],
        "translationVector": [
          [
            -0.2133276162742635
          ],
          [
            0.0038578431312537784
          ],
          [
            -0.011070407278464872
          ]
        ],
        "stereoRms": 16.988310393223724
      },
      "Right2": {
        "rotationMatrix": [
          [
            0.9997514808357534,
            -0.01346951042823831,
            0.017763694873023348
          ],
          [
            0.013569866398057163,
            0.9998925716368738,
            -0.0055411110201830345
          ],
          [
            -0.01768715049568968,
            0.0057807849140661,
            0.9998268586275927
          ]
        ],
        "translationVector": [
          [
            -0.4564305496945496
          ],
          [
            -0.010654399735699116
          ],
          [
            -0.03465549067586627
          ]
        ],
        "stereoRms": 16.736885366915022
      },
      "Right3": {
        "rotationMatrix": [
          [
            0.9998778957273905,
            -0.00412803712549255,
            0.015071593985245496
          ],
          [
            0.00393904296017434,
            0.9999135122834738,
            0.012547983642208748
          ],
          [
            -0.015122089019822425,
            -0.012487083823607198,
            0.9998076790869626
          ]
        ],
        "translationVector": [
          [
            -0.7785997578644059
          ],
          [
            0.004716499507669484
          ],
          [
            -0.06398530918383893
          ]
        ],
        "stereoRms": 13.35358123986498
      }
    },
    "timeStamp": null
  }
}