{
  "meta": {
    "runType": "initial",
    "numPoses": 33,
    "imageDir": "imageset2",
    "cameraIds": [
      "Center",
      "Up1",
      "Up2",
      "Up3",
      "Down1",
      "Down2",
      "Down3",
      "Left1",
      "Left2",
      "Left3",
      "Right1",
      "Right2",
      "Right3"
    ],
    "bundleAdjust": true
  },
  "state": {
    "intrinsics": {
      "Center": {
        "cameraMatrix": [
          [
            1778.9580921356794,
            0.0,
            638.7004447319024
          ],
          [
            0.0,
            1778.9598500312209,
            358.6540903687306
          ],
          [
            0.0,
            0.0,
            1.0
          ]
        ],
        "distortionCoeffs": [
          [
            -0.0006597073423882705,
            0.05261913354789937,
            -0.00013453690344103096,
            0.00010309705725080545,
            -0.3922515605010495
          ]
        ],
        "reprojectionError": 0.032656991553408544
      },
      "Up1": {
        "cameraMatrix": [
          [
            1778.200932232529,
            0.0,
            640.1643174589778
          ],
          [
            0.0,
            1778.253497743669,
            355.7887738652421
          ],
          [
            0.0,
            0.0,
            1.0
          ]
        ],
        "distortionCoeffs": [
          [
            0.000984932201688075,
            -0.012276671561634492,
            -0.0009350518881287151,
            0.00022085777384625092,
            0.08116875684102506
          ]
        ],
        "reprojectionError": 0.03294645705839084
      },
      "Up2": {
        "cameraMatrix": [
          [
            1777.6535924958653,
            0.0,
            639.8958314626935
          ],
          [
            0.0,
            1777.6204635958698,
            359.187387091227
          ],
          [
            0.0,
            0.0,
            1.0
          ]
        ],
        "distortionCoeffs": [
          [
            -0.003071279979201553,
            0.10714176696580566,
            -9.380682130148409e-05,
            -6.936914900545406e-05,
            -0.774703920733811
          ]
        ],
        "reprojectionError": 0.032842264910098215
      },
      "Up3": {
        "cameraMatrix": [
          [
            1779.184574585685,
            0.0,
            640.166519839107
          ],
          [
            0.0,
            1779.4538521989525,
            359.4529792553614
          ],
          [
            0.0,
            0.0,
            1.0
          ]
        ],
        "distortionCoeffs": [
          [
            0.006684481887576803,
            -0.10049443470859493,
            -0.00015173401549372752,
            0.00010777106730322489,
            0.5802191669791809
          ]
        ],
        "reprojectionError": 0.03306134916045857
      },
      "Down1": {
        "cameraMatrix": [
          [
            1778.4734397271438,
            0.0,
            640.4574097568201
          ],
          [
            0.0,
            1778.6459978961311,
            359.9435485701795
          ],
          [
            0.0,
            0.0,
            1.0
          ]
        ],
        "distortionCoeffs": [
          [
            0.004124433915892805,
            -0.026468055376429708,
            0.0003030332678708661,
            0.00015350976651950306,
            -0.07785777898998104
          ]
        ],
        "reprojectionError": 0.03202167087251357
      },
      "Down2": {
        "cameraMatrix": [
          [
            1778.2940965125647,
            0.0,
            639.4957097492511
          ],
          [
            0.0,
            1778.359462242183,
            361.50026121513287
          ],
          [
            0.0,
            0.0,
            1.0
          ]
        ],
        "distortionCoeffs": [
          [
            -0.002081723167273994,
            0.0330095886206832,
            0.0004098088461354982,
            0.00011482118107770335,
            -0.1995558800711549
          ]
        ],
        "reprojectionError": 0.03270894166365483
      },
      "Down3": {
        "cameraMatrix": [
          [
            1778.801509107468,
            0.0,
            639.3009407824679
          ],
          [
            0.0,
            1778.9351216539192,
            360.7067009390295
          ],
          [
            0.0,
            0.0,
            1.0
          ]
        ],
        "distortionCoeffs": [
          [
            0.003174759240372684,
            -0.027006039767019468,
            0.0003787818536816835,
            -7.285722119703879e-05,
            0.12098145607602799
          ]
        ],
        "reprojectionError": 0.03262671647560979
      },
      "Left1": {
        "cameraMatrix": [
          [
            1777.241748829453,
            0.0,
            640.7093232882864
          ],
          [
            0.0,
            1777.282791657689,
            358.41506894683926
          ],
          [
            0.0,
            0.0,
            1.0
          ]
        ],
        "distortionCoeffs": [
          [
            -0.0021595029726641122,
            -0.0071684519715578794,
            -5.8127535070162596e-05,
            0.0002700201603220899,
            0.23694149875117942
          ]
        ],
        "reprojectionError": 0.03264027795027647
      },
      "Left2": {
        "cameraMatrix": [
          [
            1778.2580063610644,
            0.0,
            637.4424835797963
          ],
          [
            0.0,
            1778.2428353981454,
            359.8187460818333
          ],
          [
            0.0,
            0.0,
            1.0
          ]
        ],
        "distortionCoeffs": [
          [
            0.0016278398292581169,
            -0.016687262634540647,
            -5.4943862339717346e-05,
            -0.0001480991921211879,
            -0.005225792233213938
          ]
        ],
        "reprojectionError": 0.03333680751300382
      },
      "Left3": {
        "cameraMatrix": [
          [
            1778.8661291656895,
            0.0,
            638.3855165875791
          ],
          [
            0.0,
            1778.6856668330595,
            360.78015179024106
          ],
          [
            0.0,
            0.0,
            1.0
          ]
        ],
        "distortionCoeffs": [
          [
            0.0017563349415247568,
            -0.012281535106888298,
            0.00017273364205641536,
            -0.0001380631839612177,
            0.033194641499189555
          ]
        ],
        "reprojectionError": 0.03252922371593778
      },
      "Right1": {
        "cameraMatrix": [
          [
            1777.3504913527881,
            0.0,
            637.9226811001209
          ],
          [
            0.0,
            1777.350446689595,
            361.76102845077173
          ],
          [
            0.0,
            0.0,
            1.0
          ]
        ],
        "distortionCoeffs": [
          [
            0.00015234230285521972,
            -0.01669009946277017,
            0.00043670478327875864,
            -0.0004097412677918862,
            0.05108732193403203
          ]
        ],
        "reprojectionError": 0.032322807573129074
      },
      "Right2": {
        "cameraMatrix": [
          [
            1779.2491036844567,
            0.0,
            641.54410896904
          ],
          [
            0.0,
            1779.38107346671,
            359.37681481062856
          ],
          [
            0.0,
            0.0,
            1.0
          ]
        ],
        "distortionCoeffs": [
          [
            -0.003506553836767033,
            0.06444542126646131,
            -9.192042467833944e-05,
            0.00033901697737817165,
            -0.29891231984677125
          ]
        ],
        "reprojectionError": 0.03284557315697109
      },
      "Right3": {
        "cameraMatrix": [
          [
            1777.6314500226376,
            0.0,
            640.7851576349962
          ],
          [
            0.0,
            1777.6039742172059,
            361.18907328798616
          ],
          [
            0.0,
            0.0,
            1.0
          ]
        ],
        "distortionCoeffs": [
          [
            0.001968392134625795,
            0.0035626905827185243,
            0.000264126172804361,
            0.00037170485601906015,
            -0.08161350587222897
          ]
        ],
        "reprojectionError": 0.033087588219221586
      }
    },
    "extrinsics": {
      "Center": {
        "rotationMatrix": [
          [
            1.0,
            0.0,
            0.0
          ],
          [
            0.0,
            1.0,
            0.0
          ],
          [
            0.0,
            0.0,
            1.0
          ]
        ],
        "translationVector": [
          [
            0.0
          ],
          [
            0.0
          ],
          [
            0.0
          ]
        ],
        "stereoRms": 0.0
      },
      "Up1": {
        "rotationMatrix": [
          [
            0.9998337091368582,
            0.01740258203814184,
            0.005450157065462326
          ],
          [
            -0.017351641650968485,
            0.9998065823942633,
            -0.009258419580001833
          ],
          [
            -0.005610223315416379,
            0.009162310817077137,
            0.9999422870620296
          ]
        ],
        "translationVector": [
          [
            0.009063687433219026
          ],
          [
            0.21897019997632566
          ],
          [
            -0.0013529588033601818
          ]
        ],
        "stereoRms": 14.254879285295257
      },
      "Up2": {
        "rotationMatrix": [
          [
            0.9996707540624786,
            0.024841499414851326,
            0.006425214313729085
          ],
          [
            -0.02497566963821615,
            0.9994520689851568,
            0.021720444917449174
          ],
          [
            -0.00588212531982241,
            -0.021873767579253394,
            0.9997434365343993
          ]
        ],
        "translationVector": [
          [
            -0.005449825725995068
          ],
          [
            0.43866979136426976
          ],
          [
            0.06885420974542125
          ]
        ],
        "stereoRms": 17.739412176152403
      },
      "Up3": {
        "rotationMatrix": [
          [
            0.9999657492470546,
            0.005918956042856916,
            0.005785005802890617
          ],
          [
            -0.005915426266034693,
            0.9999823070948999,
            -0.0006270799411225248
          ],
          [
            -0.005788615107938803,
            0.0005928376878868015,
            0.9999830700959932
          ]
        ],
        "translationVector": [
          [
            -0.011635125729274894
          ],
          [
            0.75301887247148
          ],
          [
            0.009941698810745782
          ]
        ],
        "stereoRms": 11.493090371469131
      },
      "Down1": {
        "rotationMatrix": [
          [
            0.9999379742362628,
            0.002683607673008006,
            0.010809529598290978
          ],
          [
            -0.002557865924326432,
            0.9999291027408241,
            -0.011629566365243095
          ],
          [
            -0.010839972425800991,
            0.0116011957050899,
            0.9998739456831647
          ]
        ],
        "translationVector": [
          [
            -0.023193008778653643
          ],
          [
            -0.22042938512817256
          ],
          [
            0.003379666684718882
          ]
        ],
        "stereoRms": 13.96877642266144
      },
      "Down2": {
        "rotationMatrix": [
          [
            0.9999994402962684,
            -0.0009573030358511073,
            -0.000450530850638411
          ],
          [
            0.0009487937150606022,
            0.9998279844242672,
            -0.018522995238176247
          ],
          [
            0.0004681854718893116,
            0.018522557409947165,
            0.9998283330999173
          ]
        ],
        "translationVector": [
          [
            -0.024178346965309076
          ],
          [
            -0.43678081547470743
          ],
          [
            0.03201069475327802
          ]
        ],
        "stereoRms": 23.21153975277302
      },
      "Down3": {
        "rotationMatrix": [
          [
            0.9999362616652382,
            -0.010062649361518487,
            -0.005120126441362243
          ],
          [
            0.009973163513298062,
            0.9998021130846748,
            -0.01721251524200287
          ],
          [
            0.005292316740844736,
            0.017160354286735822,
            0.9998387438103548
          ]
        ],
        "translationVector": [
          [
            -0.004922171070702658
          ],
          [
            -0.7466953450445795
          ],
          [
            -0.07320491761021501
          ]
        ],
        "stereoRms": 9.035241576320688
      },
      "Left1": {
        "rotationMatrix": [
          [
            0.999759690210621,
            -0.007109527280986445,
            0.020736838037751348
          ],
          [
            0.0068328272620253525,
            0.9998870858063056,
            0.01338387497629068
          ],
          [
            -0.020829649578673778,
            -0.013238967467841523,
            0.9996953813231384
          ]
        ],
        "translationVector": [
          [
            0.20233298113904594
          ],
          [
            0.009114090275463782
          ],
          [
            -0.0015092422779883622
          ]
        ],
        "stereoRms": 17.5351311337605
      },
      "Left2": {
        "rotationMatrix": [
          [
            0.9993593685499372,
            -0.02187373232976986,
            0.028326530416489398
          ],
          [
            0.022076327333307822,
            0.9997327577523574,
            -0.006859216306469935
          ],
          [
            -0.02816892370935326,
            0.007480167834472554,
            0.9995751891809964
          ]
        ],
        "translationVector": [
          [
            0.4770849376048956
          ],
          [
            -0.0006114763770028443
          ],
          [
            0.08816606488895734
          ]
        ],
        "stereoRms": 16.906974433565306
      },
      "Left3": {
        "rotationMatrix": [
          [
            0.9997481299414273,
            -0.005398725929288426,
            0.021783719539132093
          ],
          [
            0.005706655904346939,
            0.9998843269143057,
            -0.014098470467220327
          ],
          [
            -0.02170508597100041,
            0.014219231676364599,
            0.9996632946615202
          ]
        ],
        "translationVector": [
          [
            0.741096833371975
          ],
          [
            0.02181421745071137
          ],
          [
            0.09927828305809372
          ]
        ],
        "stereoRms": 15.973975665648558
      },
      "Right1": {
        "rotationMatrix": [
          [
            0.9999531969375034,
            -0.009673049022956407,
            0.00018988698233188584
          ],
          [
            0.009673828436644476,
            0.9999423672032624,
            -0.0046561051657429435
          ],
          [
            -0.00014483730508978656,
            0.00465772417985131,
            0.9999891422548645
          ]
        ],
        "translationVector": [
          [
            -0.21614372604280144
          ],
          [
            -0.01166076596752944
          ],
          [
            -0.025721235646174217
          ]
        ],
        "stereoRms": 18.676304337648244
      },
      "Right2": {
        "rotationMatrix": [
          [
            0.9997589007266754,
            -0.012824267286029725,
            0.01782354023099828
          ],
          [
            0.012938772745392266,
            0.9998962922718039,
            -0.006323990903102783
          ],
          [
            -0.017740591242476688,
            0.0065530809300588,
            0.9998211482823772
          ]
        ],
        "translationVector": [
          [
            -0.46912784278887976
          ],
          [
            0.004539771135362108
          ],
          [
            0.1692723258017555
          ]
        ],
        "stereoRms": 23.23612628297243
      },
      "Right3": {
        "rotationMatrix": [
          [
            0.9996432632018788,
            -0.022410241125697172,
            0.014530224629625802
          ],
          [
            0.0222299979203764,
            0.999675362258807,
            0.012449790567840052
          ],
          [
            -0.014804510378912708,
            -0.012122342406116458,
            0.9998169208845336
          ]
        ],
        "translationVector": [
          [
            -0.7851208680586813
          ],
          [
            0.0064223266215913104
          ],
          [
            -0.05231717140879702
          ]
        ],
        "stereoRms": 13.183848492002474
      }
    },
    "timeStamp": null
  }
}