{
    "meta": {
        "runType": "initial",
        "numPoses": 11,
        "imageDir": "imageset",
        "cameraIds": [
            "Center",
            "Up1",
            "Up2",
            "Up3",
            "Down1",
            "Down2",
            "Down3",
            "Left1",
            "Left2",
            "Left3",
            "Right1",
            "Right2",
            "Right3"
        ]
    },
    "state": {
        "intrinsics": {
            "Center": {
                "cameraMatrix": [
                    [
                        1774.3094505721456,
                        0.0,
                        636.245190426738
                    ],
                    [
                        0.0,
                        1774.5106292219348,
                        357.3095981994696
                    ],
                    [
                        0.0,
                        0.0,
                        1.0
                    ]
                ],
                "distortionCoeffs": [
                    [
                        0.014129204107463232,
                        -0.2440242858378958,
                        -0.0006278824001468811,
                        -0.0001773952060380749,
                        1.4684344933127464
                    ]
                ],
                "reprojectionError": 0.036445983434856555
            },
            "Up1": {
                "cameraMatrix": [
                    [
                        1774.527196738338,
                        0.0,
                        645.0625704000536
                    ],
                    [
                        0.0,
                        1774.9686990760547,
                        355.95068219635266
                    ],
                    [
                        0.0,
                        0.0,
                        1.0
                    ]
                ],
                "distortionCoeffs": [
                    [
                        0.008574087284214531,
                        -0.257328953418649,
                        -0.0003800083705903037,
                        0.0011761433313304563,
                        2.039367829124145
                    ]
                ],
                "reprojectionError": 0.03604985988529575
            },
            "Up2": {
                "cameraMatrix": [
                    [
                        1777.3325764923202,
                        0.0,
                        630.7259189153782
                    ],
                    [
                        0.0,
                        1775.7783661802255,
                        361.9064961800774
                    ],
                    [
                        0.0,
                        0.0,
                        1.0
                    ]
                ],
                "distortionCoeffs": [
                    [
                        0.00450296704056054,
                        -0.08548269660611663,
                        0.0007150976833256738,
                        -0.0010640707866959472,
                        0.525997988440008
                    ]
                ],
                "reprojectionError": 0.03768203290366083
            },
            "Up3": {
                "cameraMatrix": [
                    [
                        1767.0197615023835,
                        0.0,
                        627.6226952411093
                    ],
                    [
                        0.0,
                        1766.2805911357302,
                        361.86686482692704
                    ],
                    [
                        0.0,
                        0.0,
                        1.0
                    ]
                ],
                "distortionCoeffs": [
                    [
                        0.0019777691150438302,
                        -0.09501693411546787,
                        0.00024203652204099607,
                        -0.001769636891076002,
                        0.45706102055103576
                    ]
                ],
                "reprojectionError": 0.03774599013729759
            },
            "Down1": {
                "cameraMatrix": [
                    [
                        1780.7483872729508,
                        0.0,
                        643.3465896183773
                    ],
                    [
                        0.0,
                        1779.9781954403843,
                        357.9018073342529
                    ],
                    [
                        0.0,
                        0.0,
                        1.0
                    ]
                ],
                "distortionCoeffs": [
                    [
                        -0.0012731674303283684,
                        0.03765500781027027,
                        -0.0003697079643526339,
                        0.0007080007819533226,
                        -0.32728816684988987
                    ]
                ],
                "reprojectionError": 0.03659623974010881
            },
            "Down2": {
                "cameraMatrix": [
                    [
                        1768.5032885407545,
                        0.0,
                        637.6336214052149
                    ],
                    [
                        0.0,
                        1769.643262286247,
                        358.3223951887378
                    ],
                    [
                        0.0,
                        0.0,
                        1.0
                    ]
                ],
                "distortionCoeffs": [
                    [
                        -0.0074070646016936685,
                        0.10941091108602576,
                        -0.00025423853045135293,
                        -8.41051983992774e-05,
                        -0.8057636600754069
                    ]
                ],
                "reprojectionError": 0.036169607902003534
            },
            "Down3": {
                "cameraMatrix": [
                    [
                        1781.5888027870444,
                        0.0,
                        647.0305150733897
                    ],
                    [
                        0.0,
                        1782.0388048542357,
                        363.94426216695496
                    ],
                    [
                        0.0,
                        0.0,
                        1.0
                    ]
                ],
                "distortionCoeffs": [
                    [
                        -0.010126334250289406,
                        0.2229288903379652,
                        0.0010109689025462902,
                        0.001468438845697697,
                        -1.1514471041864738
                    ]
                ],
                "reprojectionError": 0.03707611077713813
            },
            "Left1": {
                "cameraMatrix": [
                    [
                        1775.0118420966755,
                        0.0,
                        639.5026550699201
                    ],
                    [
                        0.0,
                        1774.145808773474,
                        350.86864271844587
                    ],
                    [
                        0.0,
                        0.0,
                        1.0
                    ]
                ],
                "distortionCoeffs": [
                    [
                        -0.004624553615263711,
                        0.06562358632243742,
                        -0.0013560934311302117,
                        0.000501556008811938,
                        -0.2368254886089487
                    ]
                ],
                "reprojectionError": 0.03486077492718505
            },
            "Left2": {
                "cameraMatrix": [
                    [
                        1778.7051517655482,
                        0.0,
                        636.8870996901356
                    ],
                    [
                        0.0,
                        1779.1862974694932,
                        363.9475502234434
                    ],
                    [
                        0.0,
                        0.0,
                        1.0
                    ]
                ],
                "distortionCoeffs": [
                    [
                        0.0041296672717124555,
                        -0.12798324127925526,
                        0.0003837671038978592,
                        -0.0007162411047981924,
                        0.5554904595947416
                    ]
                ],
                "reprojectionError": 0.038952511098057
            },
            "Left3": {
                "cameraMatrix": [
                    [
                        1782.3632644527268,
                        0.0,
                        635.0452587581248
                    ],
                    [
                        0.0,
                        1781.6914031988433,
                        363.92720540719307
                    ],
                    [
                        0.0,
                        0.0,
                        1.0
                    ]
                ],
                "distortionCoeffs": [
                    [
                        -0.0028963869632646767,
                        0.06082109889023448,
                        0.0012560221343844414,
                        -0.0015019824027741162,
                        -0.24218099568599072
                    ]
                ],
                "reprojectionError": 0.03590281516575516
            },
            "Right1": {
                "cameraMatrix": [
                    [
                        1732.842676077393,
                        0.0,
                        601.4924712601647
                    ],
                    [
                        0.0,
                        1729.2428380610284,
                        348.9218139876871
                    ],
                    [
                        0.0,
                        0.0,
                        1.0
                    ]
                ],
                "distortionCoeffs": [
                    [
                        -0.014257280763713688,
                        -0.016540654643511316,
                        -0.0013602673265745795,
                        -0.004413611573706279,
                        -0.07171243242214763
                    ]
                ],
                "reprojectionError": 0.21197348838240734
            },
            "Right2": {
                "cameraMatrix": [
                    [
                        1593.0310028919778,
                        0.0,
                        626.1924292457181
                    ],
                    [
                        0.0,
                        1588.3614704252184,
                        386.86350656906114
                    ],
                    [
                        0.0,
                        0.0,
                        1.0
                    ]
                ],
                "distortionCoeffs": [
                    [
                        -0.13195940969960396,
                        2.020015090243278,
                        0.004119966329359276,
                        0.008387008487799547,
                        -10.891039156425773
                    ]
                ],
                "reprojectionError": 0.6883286697501337
            },
            "Right3": {
                "cameraMatrix": [
                    [
                        1415.2442164567046,
                        0.0,
                        579.474366189255
                    ],
                    [
                        0.0,
                        1407.9090835335783,
                        435.0753796057402
                    ],
                    [
                        0.0,
                        0.0,
                        1.0
                    ]
                ],
                "distortionCoeffs": [
                    [
                        -0.22243218055501995,
                        2.366865663203536,
                        0.009899271001895154,
                        0.008235074484793355,
                        -9.38088181901325
                    ]
                ],
                "reprojectionError": 0.9227534698620189
            }
        },
        "extrinsics": {
            "Center": {
                "rotationMatrix": [
                    [
                        1.0,
                        0.0,
                        0.0
                    ],
                    [
                        0.0,
                        1.0,
                        0.0
                    ],
                    [
                        0.0,
                        0.0,
                        1.0
                    ]
                ],
                "translationVector": [
                    [
                        0.0
                    ],
                    [
                        0.0
                    ],
                    [
                        0.0
                    ]
                ],
                "stereoRms": 0.0
            },
            "Up1": {
                "rotationMatrix": [
                    [
                        0.9999974681340431,
                        -2.498006971178755e-05,
                        0.00225013366259601
                    ],
                    [
                        5.577328778832179e-05,
                        0.9999063402302932,
                        -0.013686038747628531
                    ],
                    [
                        -0.0022495810373933675,
                        0.013686129593765266,
                        0.9999038099946909
                    ]
                ],
                "translationVector": [
                    [
                        -0.017707948503194477
                    ],
                    [
                        0.4459186187409262
                    ],
                    [
                        0.009257551821812982
                    ]
                ],
                "stereoRms": 0.07882504327364809
            },
            "Up2": {
                "rotationMatrix": [
                    [
                        0.9999633264498683,
                        0.0011981773135907139,
                        0.008479983870234048
                    ],
                    [
                        -0.0012846774646878476,
                        0.9999471286816886,
                        0.01020242348945898
                    ],
                    [
                        -0.00846731120993886,
                        -0.010212943374548677,
                        0.9999119963419293
                    ]
                ],
                "translationVector": [
                    [
                        0.022590404798380335
                    ],
                    [
                        0.9191687149837219
                    ],
                    [
                        0.021310860223458444
                    ]
                ],
                "stereoRms": 0.0568268656957635
            },
            "Up3": {
                "rotationMatrix": [
                    [
                        0.9998626823729994,
                        -0.013616179577519755,
                        0.009445424902213633
                    ],
                    [
                        0.013640422204847217,
                        0.9999038224380795,
                        -0.0025069415212746714
                    ],
                    [
                        -0.009410381498331217,
                        0.002635436857584314,
                        0.9999522484562078
                    ]
                ],
                "translationVector": [
                    [
                        0.013735260120067653
                    ],
                    [
                        1.3348303409597024
                    ],
                    [
                        -0.07913943071228999
                    ]
                ],
                "stereoRms": 0.06908747602857761
            },
            "Down1": {
                "rotationMatrix": [
                    [
                        0.9999705871239672,
                        -0.00422783273138328,
                        0.006399243497760199
                    ],
                    [
                        0.004273605456479787,
                        0.9999652623653673,
                        -0.007156141346036122
                    ],
                    [
                        -0.006368766234564445,
                        0.007183278705267232,
                        0.9999539186000982
                    ]
                ],
                "translationVector": [
                    [
                        0.004285104941240163
                    ],
                    [
                        -0.4481450779024384
                    ],
                    [
                        0.06732041929773791
                    ]
                ],
                "stereoRms": 0.1279430234345888
            },
            "Down2": {
                "rotationMatrix": [
                    [
                        0.9999998380203146,
                        4.778283245653773e-05,
                        -0.0005671650073006297
                    ],
                    [
                        -5.240393187264054e-05,
                        0.9999667827536911,
                        -0.008150499558940092
                    ],
                    [
                        0.000566756713686023,
                        0.00815052796040114,
                        0.9999666232833946
                    ]
                ],
                "translationVector": [
                    [
                        -0.02295333877861117
                    ],
                    [
                        -0.9114152259643903
                    ],
                    [
                        -0.08604003964671968
                    ]
                ],
                "stereoRms": 0.04696589110357337
            },
            "Down3": {
                "rotationMatrix": [
                    [
                        0.9998925535882327,
                        -0.009844470415361318,
                        -0.010861292788804749
                    ],
                    [
                        0.009651840937621154,
                        0.9997976831187475,
                        -0.0176475153180084
                    ],
                    [
                        0.011032825808374148,
                        0.017540787685436376,
                        0.9997852757077674
                    ]
                ],
                "translationVector": [
                    [
                        -0.00808557324918029
                    ],
                    [
                        -1.373020134628216
                    ],
                    [
                        0.05317927206498941
                    ]
                ],
                "stereoRms": 0.07462473175028278
            },
            "Left1": {
                "rotationMatrix": [
                    [
                        0.999161163167454,
                        -0.009752233021020773,
                        0.03977265353184368
                    ],
                    [
                        0.008855457044071117,
                        0.9997039695250318,
                        0.022661734188602102
                    ],
                    [
                        -0.03998188212679559,
                        -0.022290519666395357,
                        0.9989517414943532
                    ]
                ],
                "translationVector": [
                    [
                        -0.053302865046420914
                    ],
                    [
                        -0.09190446745465165
                    ],
                    [
                        0.012838635493647863
                    ]
                ],
                "stereoRms": 11.434355608742496
            },
            "Left2": {
                "rotationMatrix": [
                    [
                        0.9994281092823384,
                        -0.023723966351180865,
                        0.02409621955615465
                    ],
                    [
                        0.02396620534179304,
                        0.999664592951331,
                        -0.00981440782547228
                    ],
                    [
                        -0.023855300833260987,
                        0.010386290002581228,
                        0.9996614674989414
                    ]
                ],
                "translationVector": [
                    [
                        0.8912402972074441
                    ],
                    [
                        -0.0009810100891132682
                    ],
                    [
                        0.023171165569103536
                    ]
                ],
                "stereoRms": 0.1866577446158513
            },
            "Left3": {
                "rotationMatrix": [
                    [
                        0.9997707551285184,
                        -0.01004670530313742,
                        0.018907694261964137
                    ],
                    [
                        0.01032239243751762,
                        0.9998410054556018,
                        -0.01454001457691581
                    ],
                    [
                        -0.018758608800171727,
                        0.0147318539934034,
                        0.9997155030676473
                    ]
                ],
                "translationVector": [
                    [
                        1.3560000878452505
                    ],
                    [
                        0.008478455991125377
                    ],
                    [
                        0.06835911222182134
                    ]
                ],
                "stereoRms": 0.09692217435438784
            },
            "Right1": {
                "rotationMatrix": [
                    [
                        0.9999278622459485,
                        0.006614885771370305,
                        0.010025646636452931
                    ],
                    [
                        -0.006690277679267238,
                        0.9999494554379521,
                        0.007505115183484416
                    ],
                    [
                        -0.009975494414894728,
                        -0.007571648141243253,
                        0.999921576752699
                    ]
                ],
                "translationVector": [
                    [
                        -0.19474613591754333
                    ],
                    [
                        -0.10600498860363476
                    ],
                    [
                        -0.45562357672789533
                    ]
                ],
                "stereoRms": 12.679804849904817
            },
            "Right2": {
                "rotationMatrix": [
                    [
                        0.9999368647416377,
                        -0.00988011929659451,
                        0.005352548304203569
                    ],
                    [
                        0.009983076758697794,
                        0.9997587901509537,
                        -0.01956271183479525
                    ],
                    [
                        -0.005157975290142409,
                        0.019614911638504796,
                        0.9997943041107605
                    ]
                ],
                "translationVector": [
                    [
                        -0.41242057534103643
                    ],
                    [
                        -0.07212411330503851
                    ],
                    [
                        -2.018001157319131
                    ]
                ],
                "stereoRms": 0.5920835110534042
            },
            "Right3": {
                "rotationMatrix": [
                    [
                        0.9999325638101457,
                        -0.01156434188013311,
                        0.0010648140439611662
                    ],
                    [
                        0.011580819603095044,
                        0.9997876017565133,
                        -0.0170480494860939
                    ],
                    [
                        -0.0008674384066820204,
                        0.01705923124994607,
                        0.9998541044471296
                    ]
                ],
                "translationVector": [
                    [
                        -0.5103093904534627
                    ],
                    [
                        -0.2381437464398306
                    ],
                    [
                        -4.008848363390268
                    ]
                ],
                "stereoRms": 0.9165997640128171
            }
        },
        "timeStamp": null
    }
}