{
  "meta": {
    "runType": "initial",
    "numPoses": 12,
    "imageDir": "imageset1",
    "cameraIds": [
      "Center",
      "Up1",
      "Up2",
      "Up3",
      "Down1",
      "Down2",
      "Down3",
      "Left1",
      "Left2",
      "Left3",
      "Right1",
      "Right2",
      "Right3"
    ]
  },
  "state": {
    "intrinsics": {
      "Center": {
        "cameraMatrix": [
          [
            1675.3294889894876,
            0.0,
            649.1754311562977
          ],
          [
            0.0,
            1676.1429673557398,
            357.90571956648904
          ],
          [
            0.0,
            0.0,
            1.0
          ]
        ],
        "distortionCoeffs": [
          [
            -0.0993116357280947,
            1.7141911496941524,
            -0.0026043806368360903,
            0.0056447515328405945,
            -12.054054390831118
          ]
        ],
        "reprojectionError": 0.22333155706837754
      },
      "Up1": {
        "cameraMatrix": [
          [
            1659.4031494829799,
            0.0,
            660.2653585913773
          ],
          [
            0.0,
            1660.7123948070766,
            364.3090802661634
          ],
          [
            0.0,
            0.0,
            1.0
          ]
        ],
        "distortionCoeffs": [
          [
            -0.11881222502688175,
            1.9036925825787099,
            -0.001118829646340177,
            0.0075937954961759835,
            -12.819431991594165
          ]
        ],
        "reprojectionError": 0.2442571596599839
      },
      "Up2": {
        "cameraMatrix": [
          [
            1659.2841137190226,
            0.0,
            657.0600846294275
          ],
          [
            0.0,
            1660.426954929187,
            420.278385321595
          ],
          [
            0.0,
            0.0,
            1.0
          ]
        ],
        "distortionCoeffs": [
          [
            -0.1725018198267925,
            2.9392075334902255,
            0.0087850471584054,
            0.007116446434598739,
            -19.188769904963312
          ]
        ],
        "reprojectionError": 0.26471087434520235
      },
      "Up3": {
        "cameraMatrix": [
          [
            1627.93132490067,
            0.0,
            658.7747099588948
          ],
          [
            0.0,
            1630.0125395541645,
            432.78032708736197
          ],
          [
            0.0,
            0.0,
            1.0
          ]
        ],
        "distortionCoeffs": [
          [
            -0.19217048271959658,
            3.0813646587881003,
            0.01037230057794844,
            0.00755584484695259,
            -19.559359683740734
          ]
        ],
        "reprojectionError": 0.32015466846478363
      },
      "Down1": {
        "cameraMatrix": [
          [
            1677.6101014338547,
            0.0,
            628.7493946572857
          ],
          [
            0.0,
            1676.4565326727486,
            385.4458268605357
          ],
          [
            0.0,
            0.0,
            1.0
          ]
        ],
        "distortionCoeffs": [
          [
            -0.045571851654904925,
            -0.07095824364419026,
            0.00188580137760878,
            0.0026670517262030223,
            0.3707218642214944
          ]
        ],
        "reprojectionError": 0.2094955501186899
      },
      "Down2": {
        "cameraMatrix": [
          [
            1683.9164268544182,
            0.0,
            619.7018958924373
          ],
          [
            0.0,
            1683.3715101366804,
            379.1092064342632
          ],
          [
            0.0,
            0.0,
            1.0
          ]
        ],
        "distortionCoeffs": [
          [
            -0.03795931117130397,
            -0.1410815215645842,
            0.0009073101555420355,
            0.0008870651016567903,
            0.7770362032575208
          ]
        ],
        "reprojectionError": 0.17912222768266226
      },
      "Down3": {
        "cameraMatrix": [
          [
            1705.8358486854565,
            0.0,
            621.8859046742302
          ],
          [
            0.0,
            1703.286121090694,
            378.27644903318946
          ],
          [
            0.0,
            0.0,
            1.0
          ]
        ],
        "distortionCoeffs": [
          [
            -0.03533778245100824,
            -0.07146566630181131,
            0.0008438068817320936,
            0.0009200599437733997,
            0.4134610959581978
          ]
        ],
        "reprojectionError": 0.16608154541235678
      },
      "Left1": {
        "cameraMatrix": [
          [
            1657.0351955336212,
            0.0,
            598.8992823661628
          ],
          [
            0.0,
            1653.5779921698324,
            372.2213716647859
          ],
          [
            0.0,
            0.0,
            1.0
          ]
        ],
        "distortionCoeffs": [
          [
            -0.09114070295752869,
            0.2936711008254998,
            0.0017347577923238953,
            -0.0003874067982551892,
            -0.33266229798723446
          ]
        ],
        "reprojectionError": 0.22917598674071568
      },
      "Left2": {
        "cameraMatrix": [
          [
            1660.1004397815047,
            0.0,
            597.1059655812016
          ],
          [
            0.0,
            1657.2314142338937,
            377.5204851771008
          ],
          [
            0.0,
            0.0,
            1.0
          ]
        ],
        "distortionCoeffs": [
          [
            -0.1268914350105087,
            0.6991758538757268,
            0.000948243331282265,
            0.00022142058704391644,
            -1.641651568660847
          ]
        ],
        "reprojectionError": 0.22734381726756206
      },
      "Left3": {
        "cameraMatrix": [
          [
            1685.391979941954,
            0.0,
            603.799637708104
          ],
          [
            0.0,
            1682.4547890696674,
            371.0263508676171
          ],
          [
            0.0,
            0.0,
            1.0
          ]
        ],
        "distortionCoeffs": [
          [
            -0.1138641938659957,
            0.6858701174158419,
            0.0007616044711951914,
            0.00023381701228811976,
            -1.6461779386890165
          ]
        ],
        "reprojectionError": 0.18931789349427133
      },
      "Right1": {
        "cameraMatrix": [
          [
            1644.9604500582893,
            0.0,
            614.4895206582136
          ],
          [
            0.0,
            1642.480290020164,
            356.01260928246796
          ],
          [
            0.0,
            0.0,
            1.0
          ]
        ],
        "distortionCoeffs": [
          [
            -0.09967742445182083,
            1.2318988477647932,
            -0.0018950793083888787,
            0.000723597715243922,
            -8.113329447056064
          ]
        ],
        "reprojectionError": 0.2985617931487086
      },
      "Right2": {
        "cameraMatrix": [
          [
            1523.2151529357604,
            0.0,
            595.8062565333084
          ],
          [
            0.0,
            1518.4243150959348,
            372.84580500931247
          ],
          [
            0.0,
            0.0,
            1.0
          ]
        ],
        "distortionCoeffs": [
          [
            -0.08601995334036179,
            0.19086117046410403,
            0.0007467915655658668,
            0.0035688044764519283,
            -0.7407526216170394
          ]
        ],
        "reprojectionError": 0.7054673105764903
      },
      "Right3": {
        "cameraMatrix": [
          [
            1387.598673596646,
            0.0,
            532.1278311746435
          ],
          [
            0.0,
            1378.7349027177704,
            383.9428408641723
          ],
          [
            0.0,
            0.0,
            1.0
          ]
        ],
        "distortionCoeffs": [
          [
            -0.08418909575001546,
            -0.33651835121641466,
            0.001960446057674936,
            -0.002365216412292666,
            1.8111753693998005
          ]
        ],
        "reprojectionError": 0.9223293748732257
      }
    },
    "extrinsics": {
      "Center": {
        "rotationMatrix": [
          [
            1.0,
            0.0,
            0.0
          ],
          [
            0.0,
            1.0,
            0.0
          ],
          [
            0.0,
            0.0,
            1.0
          ]
        ],
        "translationVector": [
          [
            0.0
          ],
          [
            0.0
          ],
          [
            0.0
          ]
        ],
        "stereoRms": 0.0
      },
      "Up1": {
        "rotationMatrix": [
          [
            0.999999457353716,
            -0.00038443382968205,
            0.0009682473363056746
          ],
          [
            0.0004014042472936247,
            0.9998452356412403,
            -0.017588167617548577
          ],
          [
            -0.000961335999493247,
            0.017588546731988,
            0.9998448473923105
          ]
        ],
        "translationVector": [
          [
            -0.00949500631533919
          ],
          [
            0.22929308759016165
          ],
          [
            -0.09553167888493239
          ]
        ],
        "stereoRms": 0.3020874663730878
      },
      "Up2": {
        "rotationMatrix": [
          [
            0.9999984858878862,
            0.00023177162742817452,
            0.0017246749977022626
          ],
          [
            -0.0002005311478667749,
            0.9998363060171597,
            -0.01809201363086456
          ],
          [
            -0.0017285858942254614,
            0.01809164038647057,
            0.9998348386303275
          ]
        ],
        "translationVector": [
          [
            0.004813109922698391
          ],
          [
            0.4463095729150843
          ],
          [
            -0.10879341877355306
          ]
        ],
        "stereoRms": 0.3138319775914605
      },
      "Up3": {
        "rotationMatrix": [
          [
            0.9998848721202401,
            -0.015152380643116106,
            -0.0008049011971105937
          ],
          [
            0.015111219235249156,
            0.9991733810092388,
            -0.03773865042354687
          ],
          [
            0.0013760662466704428,
            0.03772214261428635,
            0.9992873192422048
          ]
        ],
        "translationVector": [
          [
            0.006293173249974714
          ],
          [
            0.6620844975292545
          ],
          [
            -0.28852198031848664
          ]
        ],
        "stereoRms": 0.35737291960742873
      },
      "Down1": {
        "rotationMatrix": [
          [
            0.9997561378054607,
            -0.004492076485354103,
            0.02162142847173377
          ],
          [
            0.005004930826692028,
            0.9997060095967849,
            -0.023724355491626034
          ],
          [
            -0.02150850035982516,
            0.02382678377210712,
            0.9994847016274679
          ]
        ],
        "translationVector": [
          [
            0.01818389319708811
          ],
          [
            -0.24718680547477345
          ],
          [
            0.01641165552315324
          ]
        ],
        "stereoRms": 0.2676790103115105
      },
      "Down2": {
        "rotationMatrix": [
          [
            0.9998851758872415,
            -0.00016738612646176147,
            0.015152789275408517
          ],
          [
            0.0005121945595264874,
            0.9997409533855743,
            -0.02275442331582874
          ],
          [
            -0.015145055221868908,
            0.022759571735588686,
            0.9996262447518768
          ]
        ],
        "translationVector": [
          [
            0.014365283175567534
          ],
          [
            -0.4820580385164603
          ],
          [
            0.04381944141070102
          ]
        ],
        "stereoRms": 0.23774323139507716
      },
      "Down3": {
        "rotationMatrix": [
          [
            0.9999081636709105,
            -0.010124131347764955,
            0.009009227975854826
          ],
          [
            0.01038966156599566,
            0.9994979570485385,
            -0.029931401376177846
          ],
          [
            -0.008701675517496323,
            0.030022255415790986,
            0.9995113531235836
          ]
        ],
        "translationVector": [
          [
            0.01801626372688332
          ],
          [
            -0.7261539518840945
          ],
          [
            0.17460287355532156
          ]
        ],
        "stereoRms": 0.23714065962079242
      },
      "Left1": {
        "rotationMatrix": [
          [
            0.9972053930268471,
            -0.010672150780896833,
            0.07394260825722412
          ],
          [
            0.009806034442061315,
            0.9998791130415967,
            0.01206652359509632
          ],
          [
            -0.07406244531942363,
            -0.011307718640809565,
            0.997189495378109
          ]
        ],
        "translationVector": [
          [
            -0.02918152671783873
          ],
          [
            -0.05673546708318309
          ],
          [
            -0.1097588234123036
          ]
        ],
        "stereoRms": 10.95911330383824
      },
      "Left2": {
        "rotationMatrix": [
          [
            0.9982886822385497,
            -0.023820847179100244,
            0.053406686417430745
          ],
          [
            0.024788123986402382,
            0.9995391440845947,
            -0.01752279520712188
          ],
          [
            -0.052964665803293544,
            0.018816659701071877,
            0.9984190891073945
          ]
        ],
        "translationVector": [
          [
            0.5250580219201687
          ],
          [
            -0.0060466320257133235
          ],
          [
            -0.11571445239857658
          ]
        ],
        "stereoRms": 0.30631796399518646
      },
      "Left3": {
        "rotationMatrix": [
          [
            0.998962219592764,
            -0.010311031569225112,
            0.044364022070556036
          ],
          [
            0.011127168804108202,
            0.9997726487028861,
            -0.018188925752238416
          ],
          [
            -0.04416638926495148,
            0.01866369560387234,
            0.998849836825187
          ]
        ],
        "translationVector": [
          [
            0.7659023626291166
          ],
          [
            -0.006375832249928295
          ],
          [
            0.04248095975899384
          ]
        ],
        "stereoRms": 0.2683019690471289
      },
      "Right1": {
        "rotationMatrix": [
          [
            0.9999415875372868,
            0.005490278921377932,
            0.009310120878708385
          ],
          [
            -0.005523486192713003,
            0.9999784623768646,
            0.0035448388793327882
          ],
          [
            -0.009290458206654688,
            -0.003596056140689923,
            0.9999503766520335
          ]
        ],
        "translationVector": [
          [
            -0.09337624631238879
          ],
          [
            -0.05452181907956258
          ],
          [
            -0.17837043431789665
          ]
        ],
        "stereoRms": 12.149196341167261
      },
      "Right2": {
        "rotationMatrix": [
          [
            0.9993847222363442,
            -0.009827936057041103,
            0.03366880801934904
          ],
          [
            0.01040147992181233,
            0.9998030416067574,
            -0.016902284144835095
          ],
          [
            -0.03349606209722578,
            0.017242089975850385,
            0.9992901101067916
          ]
        ],
        "translationVector": [
          [
            -0.24669059365805238
          ],
          [
            0.00997992878136694
          ],
          [
            -0.9140824160330356
          ]
        ],
        "stereoRms": 0.6291026988800048
      },
      "Right3": {
        "rotationMatrix": [
          [
            0.9988781278117328,
            -0.011235141082863505,
            0.0460027975690137
          ],
          [
            0.011171931362899588,
            0.9999362619860455,
            0.0016309245836082817
          ],
          [
            -0.04601818910985265,
            -0.0011151547977343657,
            0.9989399795287136
          ]
        ],
        "translationVector": [
          [
            -0.36709257145752305
          ],
          [
            -0.01616525983096749
          ],
          [
            -1.7387533447404897
          ]
        ],
        "stereoRms": 0.8952521560393909
      }
    },
    "timeStamp": null
  }
}